# Confirmed double-mode RR Lyrae stars from the Catalina Surveys Periodic Variable Star Catalog
#
# Pulsation parameters
#
# CSS_name             FM_period    FM_uncert    FM_amp O1_period    O1_uncert    O1_amp Period_ratio
# -                    day          day          mag    day          day          mag    -

CSS_J001420.8+031214   0.51930994   0.00000166   0.23   0.38711458   0.00000056   0.39   0.74544034
CSS_J001724.9+200542   0.48002554   0.00000174   0.29   0.35712249   0.00000074   0.41   0.74396560
CSS_J001812.9+210201   0.55837503   0.00000198   0.19   0.41615750   0.00000064   0.34   0.74530106
CSS_J001836.2-191522   0.46299846   0.00000198   0.28   0.34403253   0.00000067   0.40   0.74305329
CSS_J003359.4+022609   0.48368923   0.00000208   0.21   0.36009918   0.00000087   0.29   0.74448459
CSS_J004804.2+365310   0.46874750   0.00000070   0.38   0.34831989   0.00000079   0.37   0.74308640
CSS_J011032.5+215708   0.47302180   0.00000138   0.33   0.35178257   0.00000051   0.40   0.74369209
CSS_J011824.3-123318   0.52620846   0.00000320   0.27   0.39247062   0.00000147   0.38   0.74584628
CSS_J014305.3+010549   0.47555267   0.00000161   0.32   0.35372017   0.00000058   0.40   0.74380861
CSS_J014447.9+014818   0.56494467   0.00000236   0.17   0.42129735   0.00000058   0.37   0.74573206
CSS_J015703.4+161236   0.48389762   0.00000182   0.17   0.36011597   0.00000046   0.37   0.74419868
CSS_J020850.5+034226   0.46675577   0.00000199   0.30   0.34692714   0.00000085   0.39   0.74327338
CSS_J022130.8+371435   0.57190295   0.00000179   0.23   0.42613200   0.00000066   0.34   0.74511244
CSS_J033157.8+215515   0.48181305   0.00000102   0.24   0.35859751   0.00000037   0.37   0.74426691
CSS_J040146.9-045132   0.53694666   0.00000282   0.13   0.40095028   0.00000047   0.37   0.74672274
CSS_J043327.6+010733   0.54134361   0.00000263   0.24   0.40381931   0.00000074   0.36   0.74595747
CSS_J043347.8-171839   0.46437751   0.00000077   0.42   0.34490900   0.00000102   0.36   0.74273407
CSS_J045042.3-054728   0.51150389   0.00000242   0.19   0.38085851   0.00000063   0.39   0.74458575
CSS_J045113.4-142213   0.55838082   0.00000326   0.14   0.41671806   0.00000103   0.34   0.74629723
CSS_J045527.2-122157   0.47529844   0.00000131   0.45   0.35335419   0.00000104   0.32   0.74343646
CSS_J063948.7+495352   0.55491591   0.00000451   0.24   0.41395787   0.00000142   0.34   0.74598306
CSS_J075724.6+431227   0.46438703   0.00000120   0.26   0.34490332   0.00000043   0.39   0.74270662
CSS_J080310.4+240732   0.49319356   0.00000198   0.25   0.36736215   0.00000070   0.42   0.74486404
CSS_J081001.3+274753   0.55797609   0.00000198   0.15   0.41662159   0.00000039   0.37   0.74666567
CSS_J082448.7+155028   0.46365209   0.00000135   0.37   0.34436331   0.00000097   0.35   0.74271920
CSS_J082622.9+282405   0.47390930   0.00000138   0.22   0.35260694   0.00000044   0.35   0.74403887
CSS_J082900.2+371013   0.48009663   0.00000118   0.25   0.35702309   0.00000039   0.38   0.74364840
CSS_J083611.1+253412   0.48084756   0.00000104   0.27   0.35770352   0.00000040   0.38   0.74390212
CSS_J085525.5-040730   0.53892929   0.00000348   0.14   0.40216003   0.00000044   0.39   0.74622040
CSS_J085527.3+412358   0.48614730   0.00000142   0.29   0.36181090   0.00000051   0.40   0.74424130
CSS_J092730.8+110736   0.55744248   0.00000287   0.19   0.41636015   0.00000056   0.37   0.74691141
CSS_J093023.2+335311   0.49233715   0.00000106   0.28   0.36626489   0.00000062   0.32   0.74393104
CSS_J093705.5-023416   0.54289707   0.00000385   0.13   0.40539622   0.00000070   0.38   0.74672759
CSS_J094051.0+345205   0.45982883   0.00000089   0.30   0.34159627   0.00000039   0.36   0.74287702
CSS_J095313.8-153827   0.47417699   0.00000125   0.23   0.35280038   0.00000046   0.36   0.74402678
CSS_J100441.1-044300   0.48864088   0.00000164   0.20   0.36406048   0.00000032   0.39   0.74504712
CSS_J102146.6+270500   0.50471178   0.00000175   0.33   0.37588822   0.00000072   0.38   0.74475817
CSS_J102323.5+264856   0.48387621   0.00000111   0.26   0.36003910   0.00000057   0.35   0.74407275
CSS_J103329.1+032627   0.55730528   0.00000182   0.23   0.41510336   0.00000067   0.37   0.74484017
CSS_J104003.0+414504   0.54306803   0.00000131   0.27   0.40483282   0.00000048   0.38   0.74545508
CSS_J104158.1+071242   0.53986780   0.00000138   0.13   0.40273755   0.00000031   0.37   0.74599291
CSS_J104306.1+090340   0.56007780   0.00000213   0.19   0.41751974   0.00000056   0.37   0.74546740
CSS_J104738.0-161419   0.46356808   0.00000089   0.47   0.34433667   0.00000057   0.34   0.74279633
CSS_J104804.2-051329   0.51630048   0.00000203   0.25   0.38475254   0.00000078   0.40   0.74521050
CSS_J105038.7+122727   0.50548711   0.00000128   0.32   0.37631118   0.00000053   0.38   0.74445257
CSS_J105731.4+045703   0.46926593   0.00000095   0.19   0.34875615   0.00000033   0.37   0.74319512
CSS_J105743.7+384647   0.49490213   0.00000151   0.33   0.36851045   0.00000072   0.41   0.74461278
CSS_J105957.1+375020   0.47450192   0.00000139   0.24   0.35263691   0.00000046   0.42   0.74317278
CSS_J110103.4+042821   0.47993850   0.00000103   0.23   0.35732175   0.00000041   0.36   0.74451570
CSS_J110237.7+231415   0.48954886   0.00000109   0.23   0.36445408   0.00000048   0.35   0.74446927
CSS_J110833.7+215237   0.50846551   0.00000128   0.32   0.37846041   0.00000067   0.34   0.74431874
CSS_J111552.4+105126   0.47256242   0.00000116   0.27   0.35145418   0.00000051   0.37   0.74372012
CSS_J112126.0+123448   0.51787234   0.00000176   0.20   0.38623819   0.00000046   0.40   0.74581738
CSS_J112521.1-111609   0.48310645   0.00000119   0.18   0.35972927   0.00000044   0.36   0.74461699
CSS_J112914.7+011533   0.51183442   0.00000131   0.18   0.38186052   0.00000033   0.37   0.74606260
CSS_J113117.4+163955   0.47915557   0.00000124   0.29   0.35665325   0.00000061   0.37   0.74433706
CSS_J113351.9+445739   0.47471385   0.00000186   0.23   0.35319383   0.00000045   0.36   0.74401417
CSS_J114109.5+093605   0.48476370   0.00000200   0.29   0.36076434   0.00000087   0.36   0.74420659
CSS_J114519.8+103927   0.49576367   0.00000274   0.38   0.36895869   0.00000163   0.37   0.74422293
CSS_J114720.1+014926   0.48259901   0.00000120   0.20   0.35942026   0.00000031   0.39   0.74475963
CSS_J115141.6-010849   0.46797558   0.00000077   0.42   0.34764721   0.00000057   0.35   0.74287468
CSS_J115843.5-084914   0.48800061   0.00000106   0.32   0.36304521   0.00000084   0.38   0.74394417
CSS_J120028.5+333735   0.53449603   0.00000358   0.20   0.39895990   0.00000083   0.37   0.74642257
CSS_J121942.9-010129   0.55082548   0.00000269   0.24   0.41109716   0.00000134   0.43   0.74632924
CSS_J122138.8+004859   0.46338462   0.00000118   0.35   0.34431341   0.00000068   0.37   0.74304022
CSS_J122446.6+222427   0.54417684   0.00000235   0.14   0.40575924   0.00000043   0.35   0.74563857
CSS_J122702.0+181649   0.47038555   0.00000194   0.32   0.34988120   0.00000078   0.43   0.74381792
CSS_J123354.5+081636   0.52600518   0.00000133   0.25   0.39223376   0.00000055   0.37   0.74568422
CSS_J123715.1+220516   0.47633218   0.00000130   0.31   0.35443726   0.00000071   0.40   0.74409682
CSS_J124322.8+345716   0.48665054   0.00000175   0.26   0.36223380   0.00000064   0.38   0.74434069
CSS_J124928.9+032241   0.52442614   0.00000135   0.22   0.39082868   0.00000040   0.38   0.74525019
CSS_J132750.7+042635   0.45819751   0.00000094   0.27   0.34040145   0.00000040   0.33   0.74291423
CSS_J141056.4-113826   0.48020678   0.00000124   0.36   0.35714432   0.00000056   0.37   0.74373027
CSS_J141538.5+001011   0.48191030   0.00000127   0.20   0.35883663   0.00000036   0.37   0.74461291
CSS_J141626.9+111405   0.48477911   0.00000167   0.28   0.36076008   0.00000077   0.41   0.74417415
CSS_J141631.8-103249   0.49184559   0.00000160   0.23   0.36611894   0.00000043   0.37   0.74437780
CSS_J141726.9+130820   0.47948145   0.00000100   0.31   0.35659682   0.00000050   0.39   0.74371348
CSS_J142022.3+030652   0.50583110   0.00000150   0.19   0.37682511   0.00000043   0.42   0.74496232
CSS_J144022.1+130518   0.52951866   0.00000229   0.17   0.39498069   0.00000059   0.39   0.74592402
CSS_J145355.1+393221   0.47697771   0.00000214   0.17   0.35499588   0.00000079   0.35   0.74426094
CSS_J145452.9+333526   0.46835166   0.00000191   0.26   0.34824920   0.00000066   0.40   0.74356350
CSS_J145720.9+100836   0.53405753   0.00000426   0.17   0.39848259   0.00000084   0.40   0.74614169
CSS_J150548.0+224854   0.50767932   0.00000184   0.21   0.37853959   0.00000049   0.38   0.74562736
CSS_J150726.7+324346   0.54180629   0.00000185   0.24   0.40407838   0.00000057   0.39   0.74579861
CSS_J150740.5+124143   0.55236095   0.00000210   0.21   0.41189032   0.00000056   0.34   0.74569051
CSS_J150802.8+051018   0.54676402   0.00000266   0.24   0.40771217   0.00000102   0.42   0.74568215
CSS_J150955.2-025403   0.46505874   0.00000109   0.36   0.34549852   0.00000062   0.39   0.74291372
CSS_J151307.5+120803   0.54155117   0.00000148   0.16   0.40402006   0.00000046   0.41   0.74604226
CSS_J151554.4+051120   0.52533893   0.00000226   0.18   0.39196059   0.00000042   0.38   0.74610993
CSS_J151609.1+320007   0.47062694   0.00000121   0.32   0.34991611   0.00000054   0.40   0.74351058
CSS_J152211.2+162915   0.48817285   0.00000195   0.30   0.36313233   0.00000077   0.40   0.74386015
CSS_J152230.5+200657   0.47713138   0.00000104   0.32   0.35500218   0.00000056   0.36   0.74403444
CSS_J153905.7-144816   0.53259447   0.00000481   0.42   0.39674673   0.00000146   0.44   0.74493212
CSS_J154619.1+363404   0.55486794   0.00000100   0.15   0.41393871   0.00000062   0.40   0.74601302
CSS_J154740.7+382916   0.48218700   0.00000178   0.23   0.35904090   0.00000048   0.35   0.74460925
CSS_J154920.7-150920   0.47939927   0.00000186   0.24   0.35796469   0.00000129   0.30   0.74669427
CSS_J154941.4+135933   0.59628896   0.00000214   0.21   0.44423545   0.00000088   0.32   0.74500029
CSS_J155211.5+053300   0.47221992   0.00000166   0.27   0.35123824   0.00000061   0.37   0.74380225
CSS_J155342.7+001947   0.45937194   0.00000129   0.28   0.34129376   0.00000043   0.34   0.74295735
CSS_J155937.5-135253   0.47987071   0.00000150   0.31   0.35710159   0.00000066   0.41   0.74416209
CSS_J160111.4+412818   0.45886917   0.00000115   0.23   0.34076042   0.00000034   0.46   0.74260910
CSS_J160139.8+032559   0.47862534   0.00000135   0.18   0.35638159   0.00000032   0.40   0.74459407
CSS_J160952.9-083852   0.48123113   0.00000368   0.23   0.35825441   0.00000124   0.41   0.74445394
CSS_J161728.9+042034   0.56868274   0.00000200   0.18   0.42379078   0.00000064   0.32   0.74521477
CSS_J161936.2-085153   0.48003957   0.00000203   0.26   0.35718210   0.00000090   0.35   0.74406804
CSS_J162250.3+414804   0.48512000   0.00000192   0.31   0.36126306   0.00000066   0.40   0.74468804
CSS_J162427.5+182449   0.55963279   0.00000252   0.14   0.41755890   0.00000043   0.36   0.74613015
CSS_J162750.2+093421   0.47482419   0.00000145   0.23   0.35330661   0.00000044   0.37   0.74407879
CSS_J162947.3+300816   0.48186423   0.00000124   0.25   0.35869416   0.00000051   0.41   0.74438843
CSS_J163312.3+145043   0.48865367   0.00000143   0.27   0.36374923   0.00000062   0.41   0.74439066
CSS_J163417.3+062219   0.56323705   0.00000230   0.15   0.42010881   0.00000054   0.37   0.74588277
CSS_J164154.3+452456   0.47358199   0.00000066   0.30   0.35199398   0.00000050   0.47   0.74325880
CSS_J164555.7+054328   0.51385605   0.00000204   0.27   0.38285602   0.00000061   0.42   0.74506473
CSS_J164755.0+283838   0.48108051   0.00000110   0.26   0.35788895   0.00000041   0.40   0.74392735
CSS_J164858.7+432610   0.47999035   0.00000163   0.25   0.35698225   0.00000062   0.40   0.74372797
CSS_J165401.9+285609   0.48640528   0.00000108   0.26   0.36181828   0.00000044   0.37   0.74386174
CSS_J165531.3+284408   0.54530385   0.00000178   0.18   0.40686871   0.00000049   0.36   0.74613211
CSS_J165940.0+401024   0.49080756   0.00000138   0.34   0.36528116   0.00000083   0.40   0.74424518
CSS_J165959.5+124353   0.45725937   0.00000108   0.37   0.33962266   0.00000048   0.35   0.74273527
CSS_J170658.6+552732   0.51184024   0.00000226   0.23   0.38126885   0.00000084   0.39   0.74489815
CSS_J170830.8+183114   0.48363584   0.00000223   0.15   0.35998040   0.00000041   0.37   0.74432118
CSS_J171608.3+481753   0.53229573   0.00000241   0.17   0.39705593   0.00000068   0.36   0.74593108
CSS_J171843.7+133538   0.45346343   0.00000144   0.30   0.33655332   0.00000072   0.31   0.74218404
CSS_J172316.5+381049   0.46784865   0.00000141   0.30   0.34826075   0.00000037   0.47   0.74438763
CSS_J173302.7+392441   0.48075485   0.00000233   0.38   0.35775163   0.00000104   0.45   0.74414565
CSS_J173658.6+342523   0.46640264   0.00000126   0.22   0.34667923   0.00000054   0.30   0.74330460
CSS_J173811.4+291550   0.56803576   0.00000305   0.15   0.42331724   0.00000073   0.32   0.74522991
CSS_J174753.7+480416   0.47722687   0.00000195   0.27   0.35499547   0.00000053   0.46   0.74387150
CSS_J174854.8+442253   0.47999120   0.00000119   0.21   0.35707296   0.00000052   0.37   0.74391564
CSS_J180256.7+291417   0.47276138   0.00000134   0.30   0.35143348   0.00000072   0.50   0.74336334
CSS_J180906.3+502022   0.46000172   0.00000074   0.45   0.34170109   0.00000108   0.33   0.74282568
CSS_J181027.4+415509   0.48606861   0.00000191   0.28   0.36149148   0.00000089   0.36   0.74370464
CSS_J203921.9-113331   0.48790521   0.00000155   0.19   0.36354945   0.00000034   0.37   0.74512312
CSS_J204621.3-084920   0.56860358   0.00000193   0.23   0.42370238   0.00000076   0.35   0.74516305
CSS_J205215.9-025826   0.53320129   0.00000146   0.26   0.39748547   0.00000063   0.39   0.74546982
CSS_J205334.7-021002   0.48274913   0.00000124   0.19   0.35931100   0.00000055   0.28   0.74430170
CSS_J205600.9+071226   0.47543485   0.00000262   0.24   0.35385338   0.00000068   0.43   0.74427312
CSS_J205709.2-035548   0.48224208   0.00000092   0.29   0.35895729   0.00000041   0.40   0.74435082
CSS_J210050.9+002417   0.47382003   0.00000125   0.36   0.35211064   0.00000073   0.37   0.74313161
CSS_J210144.8+013219   0.45572737   0.00000087   0.34   0.33819310   0.00000050   0.33   0.74209521
CSS_J210726.0+011017   0.47726219   0.00000082   0.35   0.35497656   0.00000046   0.37   0.74377683
CSS_J210815.2+073649   0.47545318   0.00000118   0.31   0.35364722   0.00000061   0.40   0.74381082
CSS_J211927.0+110555   0.47519137   0.00000181   0.16   0.35360878   0.00000037   0.38   0.74413973
CSS_J212147.3+114557   0.56072533   0.00000201   0.19   0.41818036   0.00000065   0.36   0.74578468
CSS_J212241.4+163123   0.48917721   0.00000253   0.27   0.36406573   0.00000111   0.42   0.74424099
CSS_J212646.2-074232   0.47451993   0.00000173   0.19   0.35312177   0.00000069   0.38   0.74416636
CSS_J213602.5+145132   0.48861246   0.00000145   0.30   0.36375210   0.00000061   0.34   0.74445932
CSS_J215833.6+212923   0.48306938   0.00000149   0.33   0.35957884   0.00000076   0.35   0.74436272
CSS_J221417.5+100419   0.49707615   0.00000164   0.27   0.37005022   0.00000060   0.40   0.74445378
CSS_J221836.1+115815   0.55325776   0.00000240   0.17   0.41277288   0.00000060   0.40   0.74607698
CSS_J221905.7+033245   0.55008316   0.00000204   0.28   0.40984796   0.00000075   0.38   0.74506546
CSS_J222238.0-100934   0.47300873   0.00000092   0.31   0.35182168   0.00000043   0.39   0.74379532
CSS_J222750.5-142941   0.47930572   0.00000147   0.26   0.35661004   0.00000062   0.41   0.74401374
CSS_J223340.5+072116   0.47638205   0.00000207   0.25   0.35452832   0.00000081   0.41   0.74421007
CSS_J223825.3+211829   0.50835948   0.00000182   0.21   0.37874919   0.00000054   0.39   0.74504205
CSS_J224404.8+221512   0.47861748   0.00000108   0.31   0.35590640   0.00000054   0.39   0.74361346
CSS_J224447.5+030012   0.48079920   0.00000122   0.31   0.35780709   0.00000061   0.38   0.74419236
CSS_J224457.6+360554   0.46517668   0.00000139   0.29   0.34574592   0.00000061   0.38   0.74325721
CSS_J224546.7+315326   0.47908293   0.00000110   0.32   0.35649910   0.00000055   0.36   0.74412816
CSS_J224638.3-020200   0.45733996   0.00000096   0.33   0.33946503   0.00000055   0.38   0.74225972
CSS_J225328.1-102834   0.50115621   0.00000138   0.18   0.37299980   0.00000059   0.29   0.74427852
CSS_J231713.6-100855   0.47530266   0.00000179   0.28   0.35331790   0.00000075   0.38   0.74335351
CSS_J232540.9-080259   0.45294752   0.00000149   0.35   0.33610853   0.00000081   0.39   0.74204740
CSS_J233430.4+303700   0.48293496   0.00000097   0.26   0.35950408   0.00000028   0.43   0.74441511
CSS_J233655.4+014832   0.47819552   0.00000131   0.25   0.35596783   0.00000048   0.39   0.74439809
