# Frequency content of the K2-E2 RR Lyrae stars
#
# Frequency identifications:
# f_0: fundamental mode
# f_1: first overtone
# f_2: suspected second overtone
# f_X: the common additional mode in RRc stars (also f_X' in one instance)
# f_g: suspected gravity mode
# f_corr: frequency of the attitude correction maneuvers
#
# EPIC    	 Freq  		  Amp  		  Phase  	  D_freq  	 D_amp  	 D_phase  	 Identification
# -       	 1/d  	 	 mag  		  rad/2pi  	  1/d  		 mag  		 rad/2pi  	 -
#
60018653  	 1.85382  	  0.04641  	 0.92372  	  0.00031  	 0.00040  	 0.00080  	 f_0
60018653  	 2.48564  	  0.13988  	 0.82381  	  0.00010  	 0.00035  	 0.00026  	 f_1
60018653  	 3.7076  	  0.00422  	 0.2164  	  0.0034  	 0.00034  	 0.0088  	 2f_0
60018653  	 5.561  	  0.00105  	 0.573  	  0.014  	 0.00037  	 0.035  	 3f_0
60018653  	 4.97128  	  0.02273  	 0.1761  	  0.00063  	 0.00036  	 0.0016  	 2f_1
60018653  	 7.4569  	  0.01050  	 0.4911  	  0.0014  	 0.00035  	 0.0035  	 3f_1
60018653  	 9.9426  	  0.00274  	 0.830  	  0.0052  	 0.00031  	 0.014  	 4f_1
60018653  	 0.63182  	  0.01521  	 0.7598  	  0.00094  	 0.00040  	 0.0024  	 f_1-f_0
60018653  	 3.1175  	  0.00410  	 0.9753  	  0.0035  	 0.00038  	 0.0090  	 2f_1-f_0
60018653  	 4.33946  	  0.01995  	 0.1564  	  0.00072  	 0.00037  	 0.0019  	 f_0+f_1
60018653  	 6.1933  	  0.00186  	 0.529  	  0.0077  	 0.00035  	 0.020  	 f_1+2f_0
60018653  	 6.8251  	  0.00924  	 0.4199  	  0.0015  	 0.00033  	 0.0040  	 2f_1+f_0
60018653  	 9.3107  	  0.00297  	 0.880  	  0.0048  	 0.00036  	 0.012  	 3f_1+f_0
60018653  	 8.047  	  0.00118  	 0.733  	  0.012  	 0.00038  	 0.031  	 3f_0+f_1
60018653  	 8.6789  	  0.00229  	 0.869  	  0.0062  	 0.00036  	 0.016  	 2f_0+2f_1
60018653  	 11.796  	  0.00135  	 0.215  	  0.011  	 0.00039  	 0.027  	 4f_1+f_0
60018653  	 4.0337  	  0.00832  	 0.3639  	  0.0017  	 0.00038  	 0.0044  	 f_X
60018653  	 2.014  	  0.00118  	 0.484  	  0.012  	 0.00380  	 0.031  	 0.5f_X
60018653  	 6.0294  	  0.00222  	 0.241  	  0.0064  	 0.00038  	 0.017  	 1.5f_X
60018653  	 1.5480  	  0.00163  	 0.593  	  0.0088  	 0.00043  	 0.023  	 f_X-f_1
60018653  	 2.180  	  0.00132  	 0.633  	  0.011  	 0.00036  	 0.028  	 f_X-f_0
60018653  	 5.8875  	  0.00201  	 0.808  	  0.0071  	 0.00036  	 0.018  	 f_0+f_X
60018653  	 6.5193  	  0.00362  	 0.514  	  0.0039  	 0.00037  	 0.010  	 f_1+f_X
60018653  	 9.0049  	  0.00192  	 0.673  	  0.0075  	 0.00036  	 0.019  	 2f_1+f_X
60018653  	 8.5150  	  0.00195  	 0.354  	  0.0073  	 0.00039  	 0.019  	 f_1+1.5f_X
60018653  	 11.001  	  0.00136  	 0.451  	  0.011  	 0.00036  	 0.027  	 2f_1+1.5f_X


60018662  	 1.78892  	  0.0607   	 0.0158  	  0.00075  	 0.0009  	 0.0019  	 f_0 
60018662  	 2.39551  	  0.1678   	 0.1517  	  0.00027  	 0.0008  	 0.0007  	 f_1 
60018662  	 3.5778  	  0.0062   	 0.383  	  0.0073  	 0.0008  	 0.019  	 2f_0
60018662  	 5.3668  	  0.0013   	 0.500  	  0.035  	 0.0007  	 0.089  	 3f_0
60018662  	 4.7910  	  0.0364   	 0.824  	  0.0013  	 0.0008  	 0.003  	 2f_1
60018662  	 7.18654  	  0.0142   	 0.438  	  0.0032  	 0.0008  	 0.008  	 3f_1
60018662  	 9.582  	  0.0046   	 0.098  	  0.010  	 0.0008  	 0.025  	 4f_1
60018662  	 4.18443  	  0.0268   	 0.575  	  0.0017  	 0.0009  	 0.004  	 f_0+f_1
60018662  	 0.60659  	  0.0236   	 0.979  	  0.0019  	 0.0009  	 0.005  	 f_1-f_0
60018662  	 6.57995  	  0.0118   	 0.169  	  0.0038  	 0.0008  	 0.010  	 2f_1+f_0
60018662  	 3.0021  	  0.0085   	 0.469  	  0.0053  	 0.0009  	 0.014  	 2f_1-f_0
60018662  	 8.975  	  0.0054   	 0.936  	  0.008  	 0.0009  	 0.022  	 3f_1+f_0
60018662  	 8.369  	  0.0035   	 0.631  	  0.013  	 0.0008  	 0.033  	 2f_0+2f_1
60018662  	 5.973  	  0.0035   	 0.987  	  0.013  	 0.0009  	 0.034  	 2f_0+f_1
60018662  	 1.182  	  0.0030   	 0.036  	  0.015  	 0.0008  	 0.039  	 2f_0-f_1
60018662  	 11.371  	  0.0024   	 0.556  	  0.019  	 0.0008  	 0.050  	 4f_1+f_0
60018662  	 3.883  	  0.0058   	 0.980  	  0.008  	 0.0008  	 0.020  	 f_X
60018662  	 6.278  	  0.0042   	 0.239  	  0.011  	 0.0008  	 0.028  	 f_X+f_1
60018662  	 8.674  	  0.0036   	 0.870  	  0.013  	 0.0009  	 0.032  	 f_X+2f_1
60018662  	 2.094  	  0.0017   	 0.026  	  0.026  	 0.0009  	 0.068  	 f_X-f_0
60018662  	 5.672  	  0.0017   	 0.634  	  0.027  	 0.0008  	 0.070  	 f_X+f_0  


60018224  	 3.26470  	  0.18205  	 0.34656  	  0.00010  	 0.00035  	 0.00025  	 f_1 
60018224  	 6.52941  	  0.01883  	 0.1901  	  0.00095  	 0.00038  	 0.0025  	 2f_1
60018224  	 9.7941  	  0.01218  	 0.1366  	  0.0015  	 0.00036  	 0.0038  	 3f_1
60018224  	 13.0588  	  0.00500  	 0.0303  	  0.0036  	 0.00038  	 0.0092  	 4f_1
60018224  	 16.3235  	  0.00302  	 0.861  	  0.0059  	 0.00036  	 0.015  	 5f_1
60018224  	 19.588  	  0.00186  	 0.681  	  0.010  	 0.00038  	 0.025  	 6f_1
60018224  	 22.853  	  0.00126  	 0.473  	  0.014  	 0.00034  	 0.037  	 7f_1
60018224  	 5.3117  	  0.01135  	 0.2369  	  0.0016  	 0.00039  	 0.0041  	 f_X
60018224  	 10.623  	  0.00128  	 0.818  	  0.014  	 0.00038  	 0.036  	 2f_X
60018224  	 2.6462  	  0.00290  	 0.844  	  0.0062  	 0.00036  	 0.016  	 0.5f_X
60018224  	 7.9803  	  0.00293  	 0.214  	  0.0061  	 0.00038  	 0.016  	 1.5f_X
60018224  	 2.047  	  0.00210  	 0.978  	  0.008  	 0.00037  	 0.022  	 f_X-f_1
60018224  	 8.576  	  0.00201 	 0.865  	  0.009  	 0.00038  	 0.023  	 f_X+f_1
60018224  	 11.841  	  0.00105  	 0.350  	  0.017  	 0.00033  	 0.044  	 f_X+2f_1
60018224  	 15.106  	  0.00063  	 0.982  	  0.028  	 0.00033  	 0.073  	 f_X+3f_1
60018224  	 13.888  	  0.00078  	 0.476  	  0.023  	 0.00032  	 0.059  	 2f_X+f_1
60018224  	 5.911  	  0.00092  	 0.517  	  0.019  	 0.00033  	 0.050  	 0.5f_X+f_1
60018224  	 11.245  	  0.00219  	 0.920  	  0.008  	 0.00036  	 0.021  	 1.5f_X+f_1
60018224  	 14.510  	  0.00073  	 0.556  	  0.024  	 0.00036  	 0.063  	 1.5f_X+2f_1


60018238 	 3.63898 	 0.21832 	 0.2380 	 0.00015 	 0.00057 	 0.0004 	 f_1
60018238 	 7.27796 	 0.03804 	 0.9708 	 0.00085 	 0.00054 	 0.0022 	 2f_1
60018238 	 10.9169 	 0.01884 	 0.6711 	 0.0017 	 0.00055 	 0.0044 	 3f_1
60018238 	 14.5559 	 0.01301 	 0.4697 	 0.0025 	 0.00054 	 0.0064 	 4f_1
60018238 	 18.1949 	 0.00870 	 0.169  	 0.0037 	 0.00054 	 0.010  	 5f_1
60018238 	 21.8339 	 0.00529 	 0.819  	 0.0061 	 0.00052 	 0.016  	 6f_1
60018238 	 25.473 	 0.00271 	 0.468  	 0.012  	 0.00054 	 0.031  	 7f_1*
60018238 	 29.112 	 0.00120 	 0.102  	 0.027  	 0.00051 	 0.070  	 8f_1*
60018238 	 5.913  	 0.00202 	 0.889  	 0.016  	 0.00058 	 0.041  	 f_X
60018238 	 6.017  	 0.00202 	 0.550  	 0.016  	 0.00054 	 0.041  	 f_X'
60018238 	 9.552  	 0.00050 	 0.355  	 0.064  	 0.00042 	 0.167  	 f_1+f_X
60018238 	 8.166  	 0.00202 	 0.563  	 0.016  	 0.00054 	 0.041  	 f_corr



60018678  	 2.31241  	  0.17577  	 0.19002  	  0.00011  	 0.00036  	 0.00028  	 f_1 
60018678  	 4.62482  	  0.02024  	 0.9722  	  0.00096  	 0.00037  	 0.0025  	 2f_1
60018678  	 6.9372  	  0.01181  	 0.7038  	  0.0016  	 0.00041  	 0.0043  	 3f_1
60018678  	 9.2496  	  0.00501  	 0.4301  	  0.0038  	 0.00042  	 0.0098  	 4f_1
60018678  	 11.562  	  0.00187  	 0.216  	  0.010  	 0.00040  	 0.026  	 5f_1
60018678  	 13.874  	  0.00169  	 0.012  	  0.011  	 0.00035  	 0.029  	 6f_1
60018678  	 16.187  	  0.00146  	 0.722  	  0.013  	 0.00036  	 0.033  	 7f_1
60018678  	 18.499  	  0.00108  	 0.386  	  0.016  	 0.00038  	 0.041  	 8f_1
60018678  	 20.812  	  0.00063  	 0.081  	  0.027  	 0.00036  	 0.069  	 9f_1
60018678  	 3.7312  	  0.00385  	 0.084  	  0.0049  	 0.00039  	 0.013  	 f_X
60018678  	 1.859  	  0.00178  	 0.710  	  0.010  	 0.00040  	 0.027  	 0.5f_X
60018678  	 5.579  	  0.00145  	 0.001  	  0.012  	 0.00035  	 0.031  	 1.5f_X
60018678  	 6.044  	  0.00185  	 0.527  	  0.011  	 0.00042  	 0.028  	 f_X+f_1
60018678  	 8.356  	  0.00193  	 0.996  	  0.010  	 0.00038  	 0.025  	 f_X+2f_1
60018678  	 10.668  	  0.00073  	 0.491  	  0.029  	 0.00034  	 0.075  	 f_X+3f_1
60018678  	 7.892  	  0.00118  	 0.472  	  0.021  	 0.00037  	 0.055  	 1.5f_X+f_1
60018678  	 10.204  	  0.00085  	 0.056  	  0.018  	 0.00043  	 0.046  	 1.5f_X+2f_1


60042292  	 3.33096  	  0.08438  	 0.86257  	  0.00010  	 0.00019  	 0.00025  	 f_1 
60042292  	 6.66192  	  0.00855  	 0.1669  	  0.00094  	 0.00023  	 0.0024  	 2f_1
60042292  	 9.9929  	  0.00125  	 0.503  	  0.0064  	 0.00021  	 0.017  	 3f_1
60042292  	 13.3238  	  0.00029  	 0.939  	  0.0273  	 0.00017  	 0.071  	 4f_1


60018227 	 1.726851 	 0.24406 	 0.314817 	 0.000032 	 0.00014 	 0.000082 	 f_0 
60018227 	 3.453702 	 0.11682 	 0.02098 	 0.000066 	 0.00013 	 0.00017 	 2f_0
60018227 	 5.180552 	 0.08458 	 0.78101 	 0.000091 	 0.00015 	 0.00024 	 3f_0
60018227 	 6.90740 	 0.05085 	 0.55282 	 0.00015 	 0.00014 	 0.00039 	 4f_0
60018227 	 8.63425 	 0.02660 	 0.33984 	 0.00029 	 0.00013 	 0.00075 	 5f_0
60018227 	 10.36110 	 0.01079 	 0.1193 	 0.00071 	 0.00014 	 0.0018 	 6f_0
60018227 	 12.0880 	 0.00445 	 0.9014 	 0.0017 	 0.00014 	 0.0045 	 7f_0
60018227 	 13.8148 	 0.00337 	 0.7660 	 0.0023 	 0.00014 	 0.0059 	 8f_0
60018227 	 15.5417 	 0.00429 	 0.6230 	 0.0018 	 0.00015 	 0.0047 	 9f_0
60018227 	 17.2685 	 0.00486 	 0.4310 	 0.0016 	 0.00013 	 0.0041 	 10f_0
60018227 	 18.9954 	 0.00455 	 0.2091 	 0.0017 	 0.00014 	 0.0044 	 11f_0
60018227 	 20.7222 	 0.00406 	 0.9713 	 0.0019 	 0.00014 	 0.0049 	 12f_0
60018227 	 22.4491 	 0.00356 	 0.7286 	 0.0022 	 0.00014 	 0.0056 	 13f_0
60018227 	 24.1759 	 0.00307 	 0.4895 	 0.0025 	 0.00013 	 0.0065 	 14f_0
60018227 	 25.9028 	 0.00260 	 0.2499 	 0.0030 	 0.00013 	 0.0077 	 15f_0*
60018227 	 27.6296 	 0.00217 	 0.015  	 0.0036 	 0.00014 	 0.009  	 16f_0*
60018227 	 29.3565 	 0.00178 	 0.786  	 0.0043 	 0.00013 	 0.011  	 17f_0*
60018227 	 31.0833 	 0.00124 	 0.551  	 0.0062 	 0.00015 	 0.016  	 18f_0*
60018227 	 32.8102 	 0.00090 	 0.309  	 0.0085 	 0.00014 	 0.022  	 19f_0*
60018227 	 34.537 	 0.00068 	 0.062  	 0.011  	 0.00015 	 0.029  	 20f_0*
60018227 	 36.264 	 0.00061 	 0.833  	 0.013  	 0.00014 	 0.033  	 21f_0*
60018227 	 37.991 	 0.00045 	 0.655  	 0.017  	 0.00013 	 0.045  	 22f_0*
60018227 	 8.161  	 0.00064 	 0.929  	 0.012  	 0.00014 	 0.031  	 f_corr


60018644 	 1.550253 	 0.189318 	 0.32148 	 0.000045 	 0.00017 	 0.00012 	 f_0 
60018644 	 3.100507 	 0.090482 	 0.02418 	 0.000093 	 0.00015 	 0.00024 	 2f_0
60018644 	 4.65076 	 0.066017 	 0.77386 	 0.00013 	 0.00017 	 0.00033 	 3f_0
60018644 	 6.20101 	 0.042562 	 0.52798 	 0.00020 	 0.00016 	 0.00051 	 4f_0
60018644 	 7.75127 	 0.025352 	 0.29786 	 0.00033 	 0.00016 	 0.00086 	 5f_0
60018644 	 9.30152 	 0.012542 	 0.0459 	 0.00067 	 0.00016 	 0.0017 	 6f_0
60018644 	 10.8518 	 0.006974 	 0.7644 	 0.0012 	 0.00015 	 0.0031 	 7f_0
60018644 	 12.4020 	 0.004355 	 0.5293 	 0.0019 	 0.00015 	 0.0050 	 8f_0
60018644 	 13.9523 	 0.002257 	 0.348  	 0.0037 	 0.00015 	 0.010  	 9f_0
60018644 	 15.5025 	 0.000905 	 0.266  	 0.0093 	 0.00015 	 0.024  	 10f_0
60018644 	 17.053 	 0.000867 	 0.179  	 0.010  	 0.00015 	 0.025  	 11f_0
60018644 	 18.6030 	 0.001123 	 0.936  	 0.0075 	 0.00016 	 0.019  	 12f_0
60018644 	 20.1533 	 0.001439 	 0.669  	 0.0059 	 0.00016 	 0.015  	 13f_0
60018644 	 21.7035 	 0.001371 	 0.440  	 0.0062 	 0.00017 	 0.016  	 14f_0
60018644 	 23.2538 	 0.001144 	 0.196  	 0.0074 	 0.00015 	 0.019  	 15f_0
60018644 	 24.804 	 0.000991 	 0.947  	 0.009  	 0.00016 	 0.022  	 16f_0*
60018644 	 26.354 	 0.000925 	 0.710  	 0.009  	 0.00016 	 0.024  	 17f_0*
60018644 	 27.905 	 0.000732 	 0.462  	 0.012  	 0.00016 	 0.030  	 18f_0*
60018644 	 29.455 	 0.000663 	 0.203  	 0.013  	 0.00016 	 0.033  	 19f_0*
60018644 	 31.005 	 0.000433 	 0.971  	 0.020  	 0.00015 	 0.051  	 20f_0*
60018644 	 32.555 	 0.000303 	 0.843  	 0.028  	 0.00017 	 0.072  	 21f_0*
60018644 	 34.106 	 0.000353 	 0.559  	 0.024  	 0.00014 	 0.062  	 22f_0*
60018644 	 1.0769 	 0.001194 	 0.495  	 0.0071 	 0.00016 	 0.018  	 f_g
60018644 	 2.154  	 0.000807 	 0.881  	 0.010  	 0.00017 	 0.027  	 2f_g
60018644 	 3.231  	 0.000541 	 0.534  	 0.016  	 0.00016 	 0.040  	 3f_g
60018644 	 4.308  	 0.000688 	 0.330  	 0.012  	 0.00017 	 0.032  	 4f_g
60018644 	 2.627  	 0.000521 	 0.338  	 0.016  	 0.00016 	 0.042  	 f_g+f_0
60018644 	 4.177  	 0.000588 	 0.119  	 0.014  	 0.00015 	 0.037  	 f_g+2f_0
60018644 	 5.728  	 0.000802 	 0.739  	 0.011  	 0.00016 	 0.027  	 f_g+3f_0
60018644 	 7.278  	 0.000608 	 0.480  	 0.014  	 0.00016 	 0.036  	 f_g+4f_0
60018644 	 8.828  	 0.000515 	 0.214  	 0.016  	 0.00014 	 0.042  	 f_g+5f_0
60018644 	 0.473  	 0.000641 	 0.472  	 0.013  	 0.00016 	 0.034  	 f_0-f_g
60018644 	 2.024  	 0.000784 	 0.419  	 0.011  	 0.00017 	 0.028  	 2f_0-f_g
60018644 	 3.574  	 0.000982 	 0.263  	 0.009  	 0.00016 	 0.022  	 3f_0-f_g
60018644 	 5.124  	 0.000529 	 0.986  	 0.016  	 0.00016 	 0.041  	 4f_0-f_g
60018644 	 8.143  	 0.000875 	 0.484  	 0.010  	 0.00017 	 0.025  	 f_corr
60018644 	 16.286 	 0.000405 	 0.491  	 0.021  	 0.00017 	 0.054  	 2f_corr


60018650 	 1.586384 	 0.28162 	 0.606617 	 0.000026 	 0.00014 	 0.000068 	 f_0 
60018650 	 3.172768 	 0.12141 	 0.59116 	 0.000061 	 0.00013 	 0.00016 	 2f_0
60018650 	 4.759153 	 0.09855 	 0.61111 	 0.000075 	 0.00013 	 0.00020 	 3f_0
60018650 	 6.34554 	 0.06501 	 0.65936 	 0.00011 	 0.00014 	 0.00030 	 4f_0
60018650 	 7.93192 	 0.04194 	 0.71326 	 0.00018 	 0.00013 	 0.00046 	 5f_0
60018650 	 9.51831 	 0.02378 	 0.77885 	 0.00031 	 0.00014 	 0.00081 	 6f_0
60018650 	 11.10469 	 0.01120 	 0.8357 	 0.00066 	 0.00013 	 0.0017 	 7f_0
60018650 	 12.6911 	 0.00533 	 0.8631 	 0.0014 	 0.00013 	 0.0036 	 8f_0
60018650 	 14.2775 	 0.00388 	 0.9165 	 0.0019 	 0.00013 	 0.0050 	 9f_0
60018650 	 15.8638 	 0.00336 	 0.0500 	 0.0022 	 0.00013 	 0.0057 	 10f_0
60018650 	 17.4502 	 0.00337 	 0.1814 	 0.0022 	 0.00014 	 0.0057 	 11f_0
60018650 	 19.0366 	 0.00304 	 0.2785 	 0.0024 	 0.00013 	 0.0063 	 12f_0
60018650 	 20.6230 	 0.00283 	 0.3381 	 0.0026 	 0.00013 	 0.0068 	 13f_0
60018650 	 22.2094 	 0.00253 	 0.3714 	 0.0029 	 0.00014 	 0.0076 	 14f_0
60018650 	 23.7958 	 0.00251 	 0.4199 	 0.0030 	 0.00013 	 0.0077 	 15f_0
60018650 	 25.3821 	 0.00235 	 0.4621 	 0.0032 	 0.00013 	 0.0082 	 16f_0*
60018650 	 26.9685 	 0.00203 	 0.511  	 0.0037 	 0.00014 	 0.009  	 17f_0*
60018650 	 28.5549 	 0.00171 	 0.560  	 0.0043 	 0.00013 	 0.011  	 18f_0*
60018650 	 30.1413 	 0.00142 	 0.586  	 0.0052 	 0.00012 	 0.014  	 19f_0*
60018650 	 31.7277 	 0.00131 	 0.642  	 0.0057 	 0.00013 	 0.015  	 20f_0*
60018650 	 33.3141 	 0.00103 	 0.701  	 0.0073 	 0.00013 	 0.019  	 21f_0*
60018650 	 34.900 	 0.00076 	 0.749  	 0.010  	 0.00013 	 0.025  	 22f_0*
60018650 	 36.487 	 0.00062 	 0.804  	 0.012  	 0.00013 	 0.031  	 23f_0*
60018650 	 38.073 	 0.00056 	 0.846  	 0.013  	 0.00014 	 0.035  	 24f_0*


60018656 	 1.77016 	 0.29748 	 0.03811 	 0.00009 	 0.00045 	 0.00023 	 f_0 
60018656 	 3.54031 	 0.13864 	 0.46556 	 0.00019 	 0.00047 	 0.00050 	 2f_0
60018656 	 5.31047 	 0.09738 	 0.91250 	 0.00028 	 0.00045 	 0.00072 	 3f_0
60018656 	 7.08063 	 0.06313 	 0.3879 	 0.00043 	 0.00044 	 0.0011 	 4f_0
60018656 	 8.85079 	 0.03822 	 0.8802 	 0.00071 	 0.00049 	 0.0018 	 5f_0
60018656 	 10.6209 	 0.01912 	 0.3728 	 0.0014 	 0.00047 	 0.0037 	 6f_0
60018656 	 12.3911 	 0.00833 	 0.8458 	 0.0032 	 0.00048 	 0.0084 	 7f_0
60018656 	 14.1613 	 0.00367 	 0.344  	 0.0074 	 0.00048 	 0.019  	 8f_0
60018656 	 15.931 	 0.00230 	 0.935  	 0.012  	 0.00049 	 0.030  	 9f_0
60018656 	 17.702 	 0.00257 	 0.540  	 0.011  	 0.00048 	 0.027  	 10f_0
60018656 	 19.472 	 0.00324 	 0.063  	 0.008  	 0.00045 	 0.022  	 11f_0
60018656 	 21.242 	 0.00324 	 0.552  	 0.008  	 0.00050 	 0.022  	 12f_0
60018656 	 23.012 	 0.00272 	 0.028  	 0.010  	 0.00048 	 0.026  	 13f_0
60018656 	 24.782 	 0.00271 	 0.493  	 0.010  	 0.00047 	 0.026  	 14f_0*
60018656 	 26.552 	 0.00228 	 0.965  	 0.012  	 0.00048 	 0.031  	 15f_0*
60018656 	 28.323 	 0.00192 	 0.446  	 0.014  	 0.00048 	 0.036  	 16f_0*
60018656 	 30.093 	 0.00168 	 0.908  	 0.016  	 0.00048 	 0.042  	 17f_0*
60018656 	 31.863 	 0.00119 	 0.372  	 0.023  	 0.00045 	 0.059  	 18f_0*
60018656 	 33.633 	 0.00106 	 0.854  	 0.025  	 0.00044 	 0.066  	 19f_0*
60018656 	 35.403 	 0.00092 	 0.367  	 0.029  	 0.00043 	 0.076  	 20f_0*
60018656 	 37.173 	 0.00060 	 0.793  	 0.045  	 0.00040 	 0.116  	 21f_0*


60018657  	1.83880  	0.20188  	0.07598  	0.00023  	0.00080  	0.00059  	f_0
60018657  	3.67760  	0.08641  	0.5363  	0.00053  	0.00077  	0.0014  	2f_0
60018657  	5.51640  	0.05114  	0.0304  	0.00089  	0.00075  	0.0023  	3f_0
60018657  	7.3552  	0.02292  	0.5384  	0.0020  	0.00077  	0.0052  	4f_0
60018657  	9.1940  	0.01198  	0.0715  	0.0038  	0.00074  	0.0099  	5f_0
60018657  	11.0328  	0.00571  	0.601   	0.0080  	0.00084  	0.021   	6f_0
60018657  	12.872  	0.00311  	0.109   	0.015   	0.00079  	0.038   	7f_0
60018657  	14.710  	0.00199  	0.647   	0.023   	0.00074  	0.059   	8f_0
60018657  	16.549  	0.00158  	0.221   	0.029   	0.00069  	0.075   	9f_0
60018657  	18.388  	0.00133  	0.775   	0.034   	0.00071  	0.089   	10f_0
60018657  	20.227  	0.00123  	0.342   	0.037   	0.00071  	0.097   	11f_0
60018657  	0.932   	0.00211  	0.069   	0.022   	0.00072  	0.056   	0.5f_0
60018657  	2.7367  	0.00756  	0.965   	0.0060  	0.00083  	0.016   	1.5f_0
60018657  	4.546   	0.00284  	0.478   	0.016   	0.00077  	0.042   	2.5f_0
60018657  	6.362   	0.00260  	0.692   	0.018   	0.00080  	0.045   	3.5f_0
60018657  	3.142   	0.00309  	0.080   	0.015   	0.00078  	0.038   	f_2
60018657  	4.981   	0.00366  	0.558   	0.013   	0.00078  	0.032   	f_2+f_0
60018657  	6.820   	0.00321  	0.940   	0.014   	0.00071  	0.037   	f_2+2f_0


60018663 	 2.132907 	 0.406905 	 0.700662 	 0.000025 	 0.00017 	 0.000064 	 f_0 
60018663 	 4.265814 	 0.188845 	 0.76692 	 0.000054 	 0.00017 	 0.00014 	 2f_0
60018663 	 6.398720 	 0.142134 	 0.86325 	 0.000071 	 0.00017 	 0.00018 	 3f_0
60018663 	 8.53163 	 0.092993 	 0.98727 	 0.00011 	 0.00019 	 0.00028 	 4f_0
60018663 	 10.66453 	 0.064554 	 0.10328 	 0.00016 	 0.00018 	 0.00041 	 5f_0
60018663 	 12.79744 	 0.046160 	 0.22743 	 0.00022 	 0.00018 	 0.00057 	 6f_0
60018663 	 14.93035 	 0.030350 	 0.35406 	 0.00033 	 0.00017 	 0.00086 	 7f_0
60018663 	 17.06325 	 0.019163 	 0.4699 	 0.00053 	 0.00017 	 0.0014 	 8f_0
60018663 	 19.19616 	 0.012512 	 0.5748 	 0.00081 	 0.00017 	 0.0021 	 9f_0
60018663 	 21.3291 	 0.008985 	 0.6761 	 0.0011 	 0.00019 	 0.0029 	 10f_0
60018663 	 23.4620 	 0.006870 	 0.7970 	 0.0015 	 0.00017 	 0.0038 	 11f_0
60018663 	 25.5949 	 0.004834 	 0.9343 	 0.0021 	 0.00018 	 0.0054 	 12f_0*
60018663 	 27.7278 	 0.003045 	 0.0613 	 0.0033 	 0.00018 	 0.0086 	 13f_0*
60018663 	 29.8607 	 0.001650 	 0.202  	 0.0061 	 0.00017 	 0.016  	 14f_0*
60018663 	 31.9936 	 0.001194 	 0.328  	 0.0085 	 0.00018 	 0.022  	 15f_0*
60018663 	 34.127 	 0.000945 	 0.432  	 0.011  	 0.00018 	 0.028  	 16f_0*
60018663 	 36.259 	 0.000473 	 0.600  	 0.021  	 0.00016 	 0.055  	 17f_0*
60018663 	 38.392 	 0.000528 	 0.714  	 0.019  	 0.00017 	 0.050  	 18f_0*


60018669 	 2.146813 	 0.39301 	 0.865255 	 0.000029 	 0.00020 	 0.000074 	 f_0 
60018669 	 4.293626 	 0.18183 	 0.09741 	 0.000062 	 0.00019 	 0.00016 	 2f_0
60018669 	 6.440439 	 0.13438 	 0.36561 	 0.000084 	 0.00020 	 0.00022 	 3f_0
60018669 	 8.58725 	 0.08509 	 0.65201 	 0.00013 	 0.00019 	 0.00034 	 4f_0
60018669 	 10.73406 	 0.05680 	 0.93857 	 0.00020 	 0.00019 	 0.00051 	 5f_0
60018669 	 12.88088 	 0.03719 	 0.23207 	 0.00030 	 0.00019 	 0.00079 	 6f_0
60018669 	 15.02769 	 0.02167 	 0.5262 	 0.00052 	 0.00020 	 0.0013 	 7f_0
60018669 	 17.1745 	 0.01225 	 0.8018 	 0.0009 	 0.00019 	 0.0024 	 8f_0
60018669 	 19.3213 	 0.00766 	 0.0630 	 0.0015 	 0.00019 	 0.0038 	 9f_0
60018669 	 21.4681 	 0.00592 	 0.3500 	 0.0019 	 0.00019 	 0.0049 	 10f_0
60018669 	 23.6149 	 0.00382 	 0.6490 	 0.0030 	 0.00019 	 0.0076 	 11f_0
60018669 	 25.7618 	 0.00275 	 0.970  	 0.0041 	 0.00020 	 0.011  	 12f_0*
60018669 	 27.9086 	 0.00132 	 0.330  	 0.0085 	 0.00019 	 0.022  	 13f_0*
60018669 	 30.055 	 0.00082 	 0.563  	 0.014  	 0.00018 	 0.036  	 14f_0*
60018669 	 32.202 	 0.00067 	 0.883  	 0.017  	 0.00019 	 0.044  	 15f_0*


60018670 	 1.494173 	 0.25063 	 0.107964 	 0.000025 	 0.00012 	 0.000066 	 f_0 
60018670 	 2.988346 	 0.12789 	 0.64660 	 0.000050 	 0.00011 	 0.00013 	 2f_0
60018670 	 4.482519 	 0.07821 	 0.21913 	 0.000082 	 0.00011 	 0.00021 	 3f_0
60018670 	 5.97669 	 0.04062 	 0.82104 	 0.00016 	 0.00012 	 0.00041 	 4f_0
60018670 	 7.47087 	 0.01823 	 0.38661 	 0.00035 	 0.00011 	 0.00091 	 5f_0
60018670 	 8.96504 	 0.01014 	 0.9822 	 0.00063 	 0.00012 	 0.0016 	 6f_0
60018670 	 10.4592 	 0.00526 	 0.6634 	 0.0012 	 0.00011 	 0.0031 	 7f_0
60018670 	 11.9534 	 0.00418 	 0.3313 	 0.0015 	 0.00011 	 0.0040 	 8f_0
60018670 	 13.4476 	 0.00455 	 0.9390 	 0.0014 	 0.00011 	 0.0036 	 9f_0
60018670 	 14.9417 	 0.00466 	 0.5261 	 0.0014 	 0.00011 	 0.0035 	 10f_0
60018670 	 16.4359 	 0.00425 	 0.1004 	 0.0015 	 0.00012 	 0.0039 	 11f_0
60018670 	 17.9301 	 0.00393 	 0.6686 	 0.0016 	 0.00011 	 0.0042 	 12f_0
60018670 	 19.4242 	 0.00336 	 0.2405 	 0.0019 	 0.00012 	 0.0049 	 13f_0
60018670 	 20.9184 	 0.00283 	 0.8050 	 0.0023 	 0.00011 	 0.0058 	 14f_0
60018670 	 22.4126 	 0.00237 	 0.3779 	 0.0027 	 0.00011 	 0.0070 	 15f_0
60018670 	 23.9068 	 0.00195 	 0.9375 	 0.0033 	 0.00012 	 0.0085 	 16f_0
60018670 	 25.4009 	 0.00151 	 0.503  	 0.0042 	 0.00011 	 0.011  	 17f_0*
60018670 	 26.8951 	 0.00122 	 0.076  	 0.0052 	 0.00011 	 0.014  	 18f_0*
60018670 	 28.3893 	 0.00128 	 0.642  	 0.0050 	 0.00011 	 0.013  	 19f_0*
60018670 	 29.8835 	 0.00102 	 0.233  	 0.0063 	 0.00011 	 0.016  	 20f_0*
60018670 	 31.378 	 0.00065 	 0.831  	 0.010  	 0.00012 	 0.025  	 21f_0*
60018670 	 32.872 	 0.00055 	 0.354  	 0.012  	 0.00012 	 0.030  	 22f_0*
60018670 	 34.366 	 0.00044 	 0.903  	 0.014  	 0.00011 	 0.037  	 23f_0*
60018670 	 35.860 	 0.00049 	 0.509  	 0.013  	 0.00011 	 0.033  	 24f_0*


60018673  	1.61027  	0.32987  	0.51124  	0.00007  	0.00045  	0.00018  	f_0
60018673  	3.22054  	0.17250  	0.42236  	0.00013  	0.00043  	0.00034  	2f_0
60018673  	4.83080  	0.11341  	0.37387  	0.00020  	0.00040  	0.00051  	3f_0
60018673  	6.44107  	0.07521  	0.33926  	0.00030  	0.00037  	0.00077  	4f_0
60018673  	8.05134  	0.03926  	0.3079  	0.00057  	0.00048  	0.0015  	5f_0
60018673  	9.6616  	0.02159  	0.2228  	0.0010  	0.00042  	0.0027  	6f_0
60018673  	11.2719  	0.01590  	0.1755  	0.0014  	0.00044  	0.0037  	7f_0
60018673  	12.8821  	0.00844  	0.1654  	0.0027  	0.00047  	0.0069  	8f_0
60018673  	14.4924  	0.00284  	0.129   	0.0079  	0.00041  	0.020   	9f_0
60018673  	16.103  	0.00134  	0.021   	0.017   	0.00044  	0.043   	10f_0
60018673  	2.738   	0.00128  	0.168   	0.018   	0.00043  	0.046   	f_2 


60018676 	 1.42875 	 0.2893 	 0.47172 	 0.00022 	 0.0012 	 0.00058 	 f_0 
60018676 	 2.85750 	 0.1425 	 0.3695 	 0.00045 	 0.0011 	 0.0012 	 2f_0
60018676 	 4.28624 	 0.0815 	 0.2832 	 0.00079 	 0.0011 	 0.0020 	 3f_0
60018676 	 5.7150 	 0.0509 	 0.2385 	 0.0013 	 0.0012 	 0.0033 	 4f_0
60018676 	 7.1437 	 0.0209 	 0.1783 	 0.0031 	 0.0012 	 0.0080 	 5f_0
60018676 	 8.5725 	 0.0108 	 0.068  	 0.0059 	 0.0011 	 0.015  	 6f_0
60018676 	 10.001 	 0.0062 	 0.046  	 0.010  	 0.0011 	 0.027  	 7f_0
60018676 	 11.430 	 0.0028 	 0.132  	 0.023  	 0.0011 	 0.060  	 8f_0
60018676 	 12.859 	 0.0023 	 0.153  	 0.028  	 0.0010 	 0.073  	 9f_0
60018676 	 14.287 	 0.0025 	 0.076  	 0.026  	 0.0011 	 0.068  	 10f_0
60018676 	 15.716 	 0.0026 	 0.052  	 0.024  	 0.0011 	 0.063  	 11f_0
60018676 	 17.145 	 0.0027 	 0.990  	 0.024  	 0.0011 	 0.062  	 12f_0
60018676 	 18.574 	 0.0022 	 0.883  	 0.029  	 0.0011 	 0.075  	 13f_0
60018676 	 20.002 	 0.0020 	 0.819  	 0.032  	 0.0010 	 0.084  	 14f_0
60018676 	 21.431 	 0.0020 	 0.720  	 0.032  	 0.0010 	 0.082  	 15f_0
60018676 	 22.860 	 0.0016 	 0.614  	 0.041  	 0.0010 	 0.105  	 16f_0
60018676 	 24.289 	 0.0013 	 0.544  	 0.051  	 0.0010 	 0.133  	 17f_0
60018676 	 25.717 	 0.0010 	 0.482  	 0.064  	 0.0008 	 0.166  	 18f_0*
60018676 	 27.146 	 0.0009 	 0.353  	 0.073  	 0.0008 	 0.188  	 19f_0*


60018679 	 2.021123 	 0.36838 	 0.64605 	 0.000084 	 0.00051 	 0.00022 	 f_0 
60018679 	 4.04225 	 0.17067 	 0.66185 	 0.00018 	 0.00056 	 0.00047 	 2f_0
60018679 	 6.06337 	 0.13109 	 0.71683 	 0.00024 	 0.00056 	 0.00061 	 3f_0
60018679 	 8.08449 	 0.08464 	 0.7869 	 0.00036 	 0.00053 	 0.0009 	 4f_0
60018679 	 10.10561 	 0.05908 	 0.8555 	 0.00052 	 0.00056 	 0.0014 	 5f_0
60018679 	 12.12674 	 0.03904 	 0.9376 	 0.00079 	 0.00053 	 0.0020 	 6f_0
60018679 	 14.1479 	 0.02318 	 0.0127 	 0.0013 	 0.00054 	 0.0034 	 7f_0
60018679 	 16.1690 	 0.01382 	 0.0654 	 0.0022 	 0.00053 	 0.0058 	 8f_0
60018679 	 18.1901 	 0.00950 	 0.1059 	 0.0032 	 0.00052 	 0.0084 	 9f_0
60018679 	 20.2112 	 0.00718 	 0.173  	 0.0043 	 0.00053 	 0.011  	 10f_0
60018679 	 22.2323 	 0.00484 	 0.273  	 0.0064 	 0.00055 	 0.016  	 11f_0
60018679 	 24.253 	 0.00275 	 0.376  	 0.011  	 0.00056 	 0.029  	 12f_0
60018679 	 26.275 	 0.00152 	 0.464  	 0.020  	 0.00055 	 0.053  	 13f_0*
60018679 	 28.296 	 0.00075 	 0.544  	 0.041  	 0.00045 	 0.107  	 14f_0*


60018708 	 1.692904 	 0.34191 	 0.66741 	 0.000049 	 0.00030 	 0.00013 	 f_0 
60018708 	 3.38581 	 0.16546 	 0.71195 	 0.00010 	 0.00032 	 0.00026 	 2f_0
60018708 	 5.07871 	 0.11982 	 0.80586 	 0.00014 	 0.00029 	 0.00036 	 3f_0
60018708 	 6.77162 	 0.07933 	 0.89489 	 0.00021 	 0.00027 	 0.00055 	 4f_0
60018708 	 8.46452 	 0.05520 	 0.00528 	 0.00030 	 0.00029 	 0.00079 	 5f_0
60018708 	 10.15742 	 0.03146 	 0.1128 	 0.00053 	 0.00029 	 0.0014 	 6f_0
60018708 	 11.8503 	 0.01756 	 0.1840 	 0.0010 	 0.00027 	 0.0025 	 7f_0
60018708 	 13.5432 	 0.01327 	 0.2616 	 0.0013 	 0.00030 	 0.0033 	 8f_0
60018708 	 15.2361 	 0.00990 	 0.3721 	 0.0017 	 0.00030 	 0.0044 	 9f_0
60018708 	 16.9290 	 0.00620 	 0.5181 	 0.0027 	 0.00030 	 0.0070 	 10f_0
60018708 	 18.6219 	 0.00320 	 0.617  	 0.0052 	 0.00029 	 0.014  	 11f_0
60018708 	 20.315 	 0.00140 	 0.789  	 0.012  	 0.00027 	 0.031  	 12f_0
60018708 	 22.008 	 0.00125 	 0.886  	 0.013  	 0.00032 	 0.035  	 13f_0
60018708 	 23.701 	 0.00123 	 0.087  	 0.014  	 0.00030 	 0.035  	 14f_0
60018708 	 25.394 	 0.00112 	 0.217  	 0.015  	 0.00028 	 0.039  	 15f_0*
60018708 	 27.086 	 0.00090 	 0.402  	 0.019  	 0.00031 	 0.048  	 16f_0*
60018708 	 28.779 	 0.00085 	 0.497  	 0.020  	 0.00028 	 0.051  	 17f_0*
60018708 	 30.472 	 0.00119 	 0.585  	 0.014  	 0.00029 	 0.037  	 18f_0*


60018709 	 1.77444 	 0.22895 	 0.30079 	 0.00013 	 0.00045 	 0.00033 	 f_0 
60018709 	 3.54887 	 0.09449 	 0.99971 	 0.00031 	 0.00053 	 0.00080 	 2f_0
60018709 	 5.32331 	 0.07265 	 0.7462 	 0.00040 	 0.00050 	 0.0010 	 3f_0
60018709 	 7.09774 	 0.04619 	 0.4796 	 0.00063 	 0.00047 	 0.0016 	 4f_0
60018709 	 8.8722 	 0.02329 	 0.2368 	 0.0012 	 0.00047 	 0.0032 	 5f_0
60018709 	 10.6466 	 0.01291 	 0.0195 	 0.0022 	 0.00050 	 0.0058 	 6f_0
60018709 	 12.4211 	 0.00592 	 0.866  	 0.0049 	 0.00053 	 0.013  	 7f_0
60018709 	 14.195 	 0.00288 	 0.768  	 0.010  	 0.00050 	 0.026  	 8f_0
60018709 	 15.970 	 0.00122 	 0.629  	 0.024  	 0.00046 	 0.062  	 9f_0
60018709 	 17.744 	 0.00133 	 0.260  	 0.022  	 0.00049 	 0.057  	 10f_0
60018709 	 19.519 	 0.00198 	 0.998  	 0.015  	 0.00044 	 0.038  	 11f_0
60018709 	 21.293 	 0.00292 	 0.757  	 0.010  	 0.00053 	 0.026  	 12f_0
60018709 	 23.068 	 0.00229 	 0.545  	 0.013  	 0.00048 	 0.033  	 13f_0
60018709 	 24.842 	 0.00198 	 0.277  	 0.015  	 0.00051 	 0.038  	 14f_0*
60018709 	 26.617 	 0.00163 	 0.065  	 0.018  	 0.00047 	 0.046  	 15f_0*
60018709 	 28.391 	 0.00137 	 0.841  	 0.021  	 0.00049 	 0.055  	 16f_0*


60018722 	 2.071763 	 0.36885 	 0.72324 	 0.000082 	 0.00050 	 0.00021 	 f_0 
60018722 	 4.14353 	 0.17124 	 0.81491 	 0.00018 	 0.00049 	 0.00046 	 2f_0
60018722 	 6.21529 	 0.13017 	 0.94386 	 0.00023 	 0.00054 	 0.00060 	 3f_0
60018722 	 8.28705 	 0.08452 	 0.0906 	 0.00036 	 0.00056 	 0.0009 	 4f_0
60018722 	 10.35882 	 0.05842 	 0.2354 	 0.00052 	 0.00052 	 0.0013 	 5f_0
60018722 	 12.43058 	 0.03944 	 0.3923 	 0.00076 	 0.00052 	 0.0020 	 6f_0
60018722 	 14.5023 	 0.02319 	 0.5440 	 0.0013 	 0.00054 	 0.0034 	 7f_0
60018722 	 16.5741 	 0.01408 	 0.6811 	 0.0021 	 0.00054 	 0.0055 	 8f_0
60018722 	 18.6459 	 0.00877 	 0.7864 	 0.0034 	 0.00057 	 0.0089 	 9f_0
60018722 	 20.7176 	 0.00686 	 0.947  	 0.0044 	 0.00051 	 0.011  	 10f_0
60018722 	 22.7894 	 0.00484 	 0.120  	 0.0062 	 0.00049 	 0.016  	 11f_0
60018722 	 24.861 	 0.00296 	 0.301  	 0.010  	 0.00052 	 0.026  	 12f_0*
60018722 	 26.933 	 0.00167 	 0.545  	 0.018  	 0.00053 	 0.047  	 13f_0*


60018732 	 2.006567 	 0.392046 	 0.647147	 0.000071 	 0.00044 	 0.00018 	 f_0 
60018732 	 4.01313 	 0.174119 	 0.657379 	 0.00016 	 0.00046 	 0.00041 	 2f_0
60018732 	 6.01970 	 0.132718 	 0.695347 	 0.00021 	 0.00047 	 0.00054 	 3f_0
60018732 	 8.02627 	 0.088070 	 0.766539 	 0.00031 	 0.00045 	 0.00081 	 4f_0
60018732 	 10.03284 	 0.058781 	 0.8261 	 0.00047 	 0.000482 	 0.0012 	 5f_0
60018732 	 12.03940 	 0.042407 	 0.8941 	 0.00065 	 0.000431 	 0.0017 	 6f_0
60018732 	 14.0460 	 0.029005 	 0.9764 	 0.0010 	 0.000464 	 0.0025 	 7f_0
60018732 	 16.0525 	 0.017242 	 0.0481 	 0.0016 	 0.000483 	 0.0042 	 8f_0
60018732 	 18.0591 	 0.010627 	 0.1025 	 0.0026 	 0.000465 	 0.0067 	 9f_0
60018732 	 20.0657 	 0.006691 	 0.130  	 0.0041 	 0.000497 	 0.011  	 10f_0
60018732 	 22.0722 	 0.005757 	 0.196  	 0.0048 	 0.000461 	 0.012  	 11f_0
60018732 	 24.0788 	 0.004463 	 0.289  	 0.0062 	 0.000469 	 0.016  	 12f_0
60018732 	 26.085 	 0.002962 	 0.399  	 0.009  	 0.000460 	 0.024  	 13f_0*
60018732 	 28.092 	 0.001330 	 0.522  	 0.021   	 0.000467 	 0.054  	 14f_0*


60018737 	 1.57374 	 0.26310 	 0.43747 	 0.00012 	 0.00055 	 0.00030 	 f_0 
60018737 	 3.14749 	 0.13905 	 0.29281 	 0.00022 	 0.00053 	 0.00057 	 2f_0
60018737 	 4.72123 	 0.08720 	 0.1838 	 0.00035 	 0.00053 	 0.0009 	 3f_0
60018737 	 6.29498 	 0.05170 	 0.1011 	 0.00059 	 0.00048 	 0.0015 	 4f_0
60018737 	 7.8687 	 0.02440 	 0.9919 	 0.0012 	 0.00049 	 0.0032 	 5f_0
60018737 	 9.4425 	 0.01470 	 0.8670 	 0.0021 	 0.00053 	 0.0054 	 6f_0
60018737 	 11.0162 	 0.00823 	 0.810  	 0.0037 	 0.00051 	 0.010  	 7f_0
60018737 	 12.5900 	 0.00348 	 0.800  	 0.0088 	 0.00058 	 0.023  	 8f_0
60018737 	 14.164 	 0.00263 	 0.824  	 0.012  	 0.00054 	 0.030  	 9f_0
60018737 	 15.737 	 0.00361 	 0.735  	 0.008  	 0.00050 	 0.022  	 10f_0
60018737 	 17.311 	 0.00330 	 0.642  	 0.009  	 0.00052 	 0.024  	 11f_0
60018737 	 18.885 	 0.00334 	 0.538  	 0.009  	 0.00050 	 0.024  	 12f_0
60018737 	 20.459 	 0.00325 	 0.427  	 0.009  	 0.00053 	 0.024  	 13f_0
60018737 	 22.032 	 0.00307 	 0.328  	 0.010 		 0.00051 	 0.026  	 14f_0
60018737 	 23.606 	 0.00249 	 0.210  	 0.012  	 0.00054 	 0.032  	 15f_0
60018737 	 25.180 	 0.00251 	 0.119  	 0.012  	 0.00051 	 0.031  	 16f_0*
60018737 	 26.754 	 0.00143 	 0.022  	 0.021  	 0.00054 	 0.055  	 17f_0*


60018742  	1.68225  	0.2678  	0.21151  	0.00032  	0.0017  	0.00083  	f_0 
60018742  	3.36451  	0.1253  	0.8123  	0.00068  	0.0015  	0.0018  	2f_0
60018742  	5.04676  	0.0899  	0.4615  	0.00095  	0.0018  	0.0025  	3f_0
60018742  	6.7290  	0.0584  	0.1079  	0.0015  	0.0017  	0.0038  	4f_0
60018742  	8.4113  	0.0369  	0.7746  	0.0023  	0.0016  	0.0060  	5f_0
60018742  	10.0935  	0.0178  	0.455   	0.0048  	0.0015  	0.012   	6f_0
60018742  	11.776  	0.0083  	0.063   	0.010   	0.0016  	0.027   	7f_0
60018742  	13.458  	0.0057  	0.695   	0.015    	0.0016  	0.039   	8f_0
60018742  	15.140  	0.0036  	0.366   	0.024   	0.0015  	0.061   	9f_0
60018742  	16.823  	0.0024  	0.093   	0.036   	0.0015  	0.094   	10f_0
60018742  	18.505  	0.0021  	0.836   	0.042   	0.0013  	0.108   	11f_0


60018743 	 2.02774 	 0.3519 	 0.6293 	 0.00042 	 0.0026 	 0.0011 	 f_0 
60018743 	 4.0555 	 0.1622 	 0.6214 	 0.0009 	 0.0025 	 0.0024 	 2f_0
60018743 	 6.0832 	 0.1124 	 0.6172 	 0.0013 	 0.0026 	 0.0034 	 3f_0
60018743 	 8.1110 	 0.0744 	 0.6534 	 0.0020 	 0.0026 	 0.0051 	 4f_0
60018743 	 10.1387 	 0.0405 	 0.677  	 0.0036 	 0.0025 	 0.009  	 5f_0
60018743 	 12.1664 	 0.0250 	 0.705  	 0.0059 	 0.0025 	 0.015  	 6f_0
60018743 	 14.194 	 0.0144 	 0.696  	 0.010  	 0.0026 	 0.027  	 7f_0
60018743 	 16.222 	 0.0112 	 0.699  	 0.013  	 0.0024 	 0.034  	 8f_0
60018743 	 18.250 	 0.0093 	 0.699  	 0.016  	 0.0026 	 0.041  	 9f_0
60018743 	 20.277 	 0.0048 	 0.761  	 0.031  	 0.0023 	 0.080  	 10f_0
60018743 	 22.305 	 0.0046 	 0.734  	 0.032  	 0.0024 	 0.084  	 11f_0
60018743 	 24.333 	 0.0019 	 0.746  	 0.077  	 0.0019 	 0.200  	 12f_0
60018743 	 26.361 	 0.0025 	 0.767  	 0.060  	 0.0022 	 0.155  	 13f_0*
60018743 	 0.979  	 0.0053 	 0.319  	 0.028  	 0.0024 	 0.072  	 0.5f_0
60018743 	 3.062  	 0.0035 	 0.905  	 0.042  	 0.0021 	 0.108  	 1.5f_0
60018743 	 5.050  	 0.0036 	 0.003  	 0.041  	 0.0022 	 0.107  	 2.5f_0
  	  	  	  	  	  	  	
  	  	  	  	
60018750  	1.82367  	0.2645  	0.72482  	0.00031  	0.0014  	0.00079  	f_0 
60018750  	3.64734  	0.1200  	0.8350  	0.00068  	0.0016  	0.0018  	2f_0
60018750  	5.47100  	0.0842  	0.9852  	0.00096  	0.0015  	0.0025  	3f_0
60018750  	7.2947  	0.0485  	0.1387  	0.0017  	0.0012  	0.0043  	4f_0
60018750  	9.1183  	0.0283  	0.2931  	0.0029  	0.0013  	0.0074  	5f_0
60018750  	10.9420  	0.0129  	0.447   	0.0063  	0.0014  	0.016   	6f_0
60018750  	12.766  	0.0056  	0.553    	0.014   	0.0015  	0.038   	7f_0
60018750  	14.589  	0.0037  	0.702   	0.022   	0.0014  	0.057   	8f_0
  	  	  	  		  	  	  	
  	  	  	  	
60018752  	1.68331  	0.27819  	0.81410  	0.00012  	0.00062  	0.00032  	f_0 
60018752  	3.36662  	0.13970  	0.03555  	0.00025  	0.00070  	0.00064  	2f_0
60018752  	5.04992  	0.08747  	0.2930  	0.00039  	0.00077  	0.0010  	3f_0
60018752  	6.73323  	0.04977  	0.5738  	0.00069  	0.00068  	0.0018  	4f_0
60018752  	8.4165  	0.02328  	0.8530  	0.0015  	0.00070  	0.0038  	5f_0
60018752  	10.0998  	0.01017  	0.1047  	0.0034  	0.00060  	0.0088  	6f_0
60018752  	11.7832  	0.00641  	0.381   	0.0054  	0.00074  	0.014   	7f_0
60018752  	13.466  	0.00250  	0.769   	0.014   	0.00068  	0.036   	8f_0
60018752  	15.150  	0.00219  	0.099   	0.016   	0.00060  	0.041   	9f_0
60018752  	16.833  	0.00170  	0.352   	0.020   	0.00065  	0.053   	10f_0
60018752  	18.516  	0.00321  	0.676   	0.011   	0.00061  	0.028   	11f_0
60018752  	20.200  	0.00188  	0.873   	0.018   	0.00074  	0.047   	12f_0
60018752  	21.883  	0.00145  	0.250   	0.024   	0.00060  	0.061   	13f_0
60018752  	2.447   	0.00239  	0.001   	0.014   	0.00076  	0.037   	1.5f_0
  	  	  	  	 

60018755 	 1.46622 	 0.23006 	 0.73324 	 0.00012 	 0.00057 	 0.00031 	 f_0
60018755 	 2.93244 	 0.10201 	 0.86117 	 0.00027 	 0.00062 	 0.00070 	 2f_0
60018755 	 4.39865 	 0.07505 	 0.0412 	 0.00037 	 0.00054 	 0.0010 	 3f_0
60018755 	 5.86487 	 0.04323 	 0.2395 	 0.00064 	 0.00049 	 0.0017 	 4f_0
60018755 	 7.3311 	 0.02134 	 0.4540 	 0.0013 	 0.00054 	 0.0033 	 5f_0
60018755 	 8.7973 	 0.00884 	 0.6812 	 0.0031 	 0.00060 	 0.0081 	 6f_0
60018755 	 10.2635 	 0.00470 	 0.917  	 0.0059 	 0.00058 	 0.015  	 7f_0
60018755 	 11.7297 	 0.00477 	 0.201  	 0.0058 	 0.00056 	 0.015  	 8f_0
60018755 	 13.1960 	 0.00512 	 0.415  	 0.0054 	 0.00064 	 0.014  	 9f_0
60018755 	 14.6622 	 0.00521 	 0.623  	 0.0053 	 0.00053 	 0.014  	 10f_0
60018755 	 16.1284 	 0.00464 	 0.817  	 0.0059 	 0.00058 	 0.015  	 11f_0
60018755 	 17.5946 	 0.00379 	 0.019  	 0.0073 	 0.00050 	 0.019  	 12f_0
60018755 	 19.0608 	 0.00327 	 0.206  	 0.0084 	 0.00052 	 0.022  	 13f_0
60018755 	 20.527 	 0.00269 	 0.374  	 0.010  	 0.00053 	 0.027  	 14f_0
60018755 	 22.001 	 0.00239 	 0.099  	 0.012  	 0.00072 	 0.030  	 15f_0
60018755 	 23.477 	 0.00186 	 0.720  	 0.015  	 0.00074 	 0.038  	 16f_0
  	  	  	  	
  	  	  	  	
60018763  	1.70500  	0.2578  	0.0100  	0.00040  	0.0018  	0.0010  	f_0 
60018763  	3.41000  	0.1217  	0.4241  	0.00084  	0.0018  	0.0022  	2f_0
60018763  	5.1150  	0.0748  	0.8832  	0.0014  	0.0018  	0.0035  	3f_0
60018763  	6.8200  	0.0425  	0.3706  	0.0024  	0.0017  	0.0062  	4f_0
60018763  	8.5250  	0.0190  	0.867   	0.0054  	0.0017  	0.014   	5f_0
60018763  	10.230  	0.0073  	0.323   	0.014   	0.0017  	0.036   	6f_0
60018763  	11.935  	0.0045  	0.853   	0.023   	0.0016  	0.059   	7f_0
60018763  	13.640  	0.0035  	0.430   	0.029   	0.0016  	0.076   	8f_0
60018763  	15.345  	0.0026  	0.945   	0.039   	0.0015  	0.100   	9f_0
  	  	  	  	
  	  	  	  	  	  	  	
60018771 	 1.80480 	 0.27032 	 0.84052 	 0.00015 	 0.00066 	 0.00039 	 f_0 
60018771 	 3.60960 	 0.13423 	 0.06836 	 0.00030 	 0.00066 	 0.00078 	 2f_0
60018771 	 5.41441 	 0.09533 	 0.3510 	 0.00042 	 0.00066 	 0.0011 	 3f_0
60018771 	 7.21921 	 0.05972 	 0.6348 	 0.00068 	 0.00066 	 0.0018 	 4f_0
60018771 	 9.0240 	 0.03587 	 0.9394 	 0.0011 	 0.00066 	 0.0029 	 5f_0
60018771 	 10.8288 	 0.01572 	 0.2322 	 0.0026 	 0.00066 	 0.0067 	 6f_0
60018771 	 12.6336 	 0.00830 	 0.503  	 0.0049 	 0.00066 	 0.013  	 7f_0
60018771 	 14.4384 	 0.00419 	 0.801  	 0.0097 	 0.00066 	 0.025  	 8f_0
60018771 	 16.243 	 0.00289 	 0.255  	 0.014  	 0.00066 	 0.036  	 9f_0
60018771 	 18.048 	 0.00337 	 0.642  	 0.012  	 0.00066 	 0.031  	 10f_0
60018771 	 19.853 	 0.00370 	 0.973  	 0.011  	 0.00066 	 0.028  	 11f_0
60018771 	 21.658 	 0.00234 	 0.217  	 0.017  	 0.00066 	 0.045  	 12f_0
60018771 	 23.462 	 0.00310 	 0.574   	 0.013  	 0.00066 	 0.034  	 13f_0
60018771 	 25.267 	 0.00257 	 0.771  	 0.016  	 0.00066 	 0.041  	 14f_0*
60018771 	 27.072 	 0.00256 	 0.058  	 0.016  	 0.00066 	 0.041  	 15f_0*
60018771 	 28.877 	 0.00236 	 0.344  	 0.017  	 0.00066 	 0.044  	 16f_0*
60018771 	 30.682 	 0.00243 	 0.618  	 0.017  	 0.00066 	 0.043  	 17f_0*
  	

60018773 	 1.6807 	 0.1972 	 0.8686 	 0.0005 	 0.0018 	 0.0014 	 f_0
60018773 	 3.3615 	 0.0914 	 0.1407 	 0.0012 	 0.0017 	 0.0030 	 2f_0
60018773 	 5.0422 	 0.0530 	 0.4515 	 0.0020 	 0.0018 	 0.0052 	 3f_0
60018773 	 6.7230 	 0.0254 	 0.769  	 0.0042 	 0.0018 	 0.011  	 4f_0
60018773 	 8.404  	 0.0080 	 0.089  	 0.013  	 0.0018 	 0.035  	 5f_0
  	  	  	
  	  	  	  		  	  	  	
60018778  	1.61185  	0.24522  	0.44064  	0.00022  	0.00086  	0.00056  	f_0 
60018778  	3.22370  	0.11540  	0.2553  	0.00046  	0.00086  	0.0012  	2f_0
60018778  	4.83555  	0.08339  	0.1046  	0.00064  	0.00086  	0.0016  	3f_0
60018778  	6.44740  	0.05387  	0.9706  	0.00099  	0.00086  	0.0026  	4f_0
60018778  	8.0593  	0.03690  	0.8430  	0.0014  	0.00086  	0.0037  	5f_0
60018778  	9.6711  	0.02143  	0.7277  	0.0025  	0.00086  	0.0064  	6f_0
60018778  	11.2830  	0.01092  	0.591   	0.0049  	0.00086  	0.013   	7f_0
60018778  	12.8948  	0.00759  	0.426   	0.0070  	0.00086  	0.018   	8f_0
60018778  	14.507  	0.00436  	0.312   	0.012   	0.00086  	0.032   	9f_0
60018778  	16.119  	0.00326  	0.183   	0.016   	0.00086  	0.042   	10f_0
 

60018779 	 2.14685 	 0.40677 	 0.60846 	 0.00013 	 0.00086 	 0.00034 	 f_0 
60018779 	 4.29370 	 0.18785 	 0.57913 	 0.00028 	 0.00086 	 0.00073 	 2f_0
60018779 	 6.44055 	 0.13852 	 0.5849 	 0.00038 	 0.00086 	 0.0010 	 3f_0
60018779 	 8.58740 	 0.08860 	 0.6170 	 0.00060 	 0.00086 	 0.0015 	 4f_0
60018779 	 10.73424 	 0.06017 	 0.6433 	 0.00088 	 0.00086 	 0.0023 	 5f_0
60018779 	 12.8811 	 0.04245 	 0.6794 	 0.0012 	 0.00086 	 0.0032 	 6f_0
60018779 	 15.0279 	 0.02766 	 0.7095 	 0.0019 	 0.00086 	 0.0050 	 7f_0
60018779 	 17.1748 	 0.01464 	 0.7386 	 0.0036 	 0.00086 	 0.0094 	 8f_0
60018779 	 19.3216 	 0.01094 	 0.734  	 0.0048 	 0.00086 	 0.013  	 9f_0
60018779 	 21.4685 	 0.00630 	 0.755  	 0.0084 	 0.00086 	 0.022  	 10f_0
60018779 	 23.6153 	 0.00579 	 0.721  	 0.0091 	 0.00086 	 0.024  	 11f_0
60018779 	 25.762 	 0.00334 	 0.858  	 0.016  	 0.00086 	 0.041  	 12f_0*
60018779 	 27.909 	 0.00333 	 0.830  	 0.016  	 0.00086 	 0.041  	 13f_0*



60018780 	 1.9787 	 0.3784 	 0.4241 	 0.0005 	 0.0033 	 0.0014 	 f_0
60018780 	 3.9574 	 0.1758 	 0.2302 	 0.0012 	 0.0032 	 0.0030 	 2f_0
60018780 	 5.9361 	 0.1346 	 0.0768 	 0.0015 	 0.0036 	 0.0039 	 3f_0
60018780 	 7.9148 	 0.0850 	 0.9269 	 0.0024 	 0.0034 	 0.0062 	 4f_0
60018780 	 9.8935 	 0.0575 	 0.7986 	 0.0035 	 0.0038 	 0.0091 	 5f_0
60018780 	 11.8722 	 0.0369 	 0.660  	 0.0055 	 0.0034 	 0.014  	 6f_0
60018780 	 13.851 	 0.0213 	 0.523  	 0.010  	 0.0031 	 0.025  	 7f_0
60018780 	 15.830 	 0.0104 	 0.329  	 0.019  	 0.0035 	 0.050  	 8f_0
60018780 	 17.808 	 0.0068 	 0.200  	 0.030  	 0.0031 	 0.077  	 9f_0
60018780 	 19.787 	 0.0051 	 0.041  	 0.040  	 0.0033 	 0.102  	 10f_0
