#id         START     END   LENGTH OBS  DC    MAG       PER[h]  PER_ERR    AMP[mag]
111       101.2871 103.4326 2.1663  72 0.679 13.131
228       104.2704 105.1286 0.8790  25 0.581 17.501    6.437    0.047     0.158
767        86.3093  89.2313 2.9428 112 0.778 16.174  >60.                >0.1
2462       78.8102  80.7105 1.9211  60 0.638 18.112
2552       69.1246  72.6392 3.5354 129 0.746 19.242
2785       85.2672  88.1892 2.9428 101 0.701 17.851    5.479    0.031     0.310
3345       84.7563  86.6567 1.9212  70 0.745 16.516  >34.                >0.7
3512       97.2208  98.6103 1.4103  42 0.609 18.216    6.67     0.25      0.212
3836       85.8802  88.0257 2.1663  75 0.708 19.139
3903       83.7142  87.1879 3.4945 124 0.725 17.884   28.09     0.97      0.190
4282       77.4002  78.4219 1.0425  39 0.765 18.287  >34.                >0.5
5915       98.6921 100.0202 1.3489 50  0.758 18.526
6113       97.1391 100.2450 3.1267 126 0.824 19.188
7122       83.2851  85.6554 2.3911  85 0.726 19.681  >96.                >0.6
7241       92.5824  93.9515 1.3899  48 0.706 18.898   59.6      5.7       0.606
10269      99.6729 102.9627 3.3106 110 0.679 18.792   10.81     0.33      0.090
10681      96.6078  98.7738 2.1868  72 0.673 18.723
10683      37.8204  43.6235 5.8239 257 0.902 18.648   75.3      3.1       1.0
10819      88.7613  91.1112 2.3707  95 0.819 19.607
11040      86.8201  89.1700 2.3707  80 0.690 20.774
11063     104.3726 105.1286 0.7768  20 0.526 19.210
11430      91.9898  94.5032 2.5342  76 0.613 20.098
11432      77.8498  82.1000 4.2710 150 0.718 20.801
12228      95.1570  97.2821 2.1459  81 0.771 19.760
12379      69.7581  73.1296 3.3923 127 0.765 19.317   50.6      3.1       0.378
13243      83.7755  86.3910 2.6363  85 0.659 18.999   88.4      9.8       0.784
13971     100.9806 102.3292 1.3694  51 0.761 19.705
14439     100.1224 102.4314 2.3298  85 0.746 19.603    9.94     0.38      0.322
15264      99.0803 100.0407 0.9812  39 0.813 19.858
16148      84.6337  85.3898 0.7769  28 0.737 19.237
17113      94.5645  96.0153 1.4716  33 0.458 20.402
17771      78.0132  83.7142 5.7218 221 0.789 20.441   15.97     0.26      0.456
19535      93.7063  94.8710 1.1855  31 0.534 19.827
19689     104.2500 105.1695 0.9403  36 0.783 19.559
21103      96.7917  98.9373 2.1664  62 0.585 20.274
21207      99.9794 102.7175 2.7589 110 0.815 19.871 >120.                >0.5
21213      82.9990  84.8994 1.9212  62 0.660 18.938
21358      99.6116 102.2066 2.6158  81 0.633 20.238
21826      89.6195  90.9886 1.3899  53 0.779 20.579
22513     103.1874 105.1695 2.0029  60 0.612 20.719
22543      98.8147 101.4915 2.6976  65 0.492 21.367
22685      92.0307  92.4189 0.4090  16 0.800 19.941
22932      69.7172  73.5792 3.8828 135 0.711 20.635
23168      96.4444  98.2016 1.7780  53 0.609 19.450
23313      89.9873  91.7038 1.7373  54 0.635 19.677
23806      91.8264  93.4815 1.6759  58 0.707 20.340
24025      88.1892  90.0691 1.9007  45 0.484 19.082
24192      78.8919  80.9761 2.1050  70 0.680 18.226   19.9      1.0       0.464
25235      67.6534  68.3686 0.7360  33 0.917 19.533
25273      93.0932  95.4635 2.3911  80 0.684 19.521
25468      78.6671  80.7105 2.0642  66 0.653 18.802    5.573    0.078     0.482
26048      88.3526  91.3360 3.0042  78 0.531 21.088
26163      86.7180  89.4765 2.7793  95 0.699 19.896
26888      97.8543  100.102 2.2685  77 0.694 20.508
26937      83.5508  85.8393 2.3093  88 0.779 20.520
27839      91.0703  92.9298 1.8803  82 0.891 20.967
27923      70.3302  73.9061 3.5967 132 0.750 19.356
28816     103.0648 105.0060 1.9620  69 0.719 19.953
28915      86.5954  90.5186 3.9440 137 0.710 20.544
29296      72.9253  75.8677 2.9632 101 0.697 19.199  >48.                >0.9
30092      70.3098  70.8819 0.5929  24 0.828 20.423
30329      75.2343  77.4820 2.2685  69 0.622 18.931   28.4      2.1       0.708
30984      91.4381  94.1558 2.7385  94 0.701 20.014
31613      85.2672  86.5749 1.3285  45 0.692 19.620
32819      97.9564 101.0215 3.0859 114 0.755 20.287
33125     101.1441 103.2079 2.0846  54 0.529 19.823
34030      77.8089  80.5400 2.7589  96 0.711 20.056
34078      80.9761  84.0412 3.0859 111 0.735 20.270
34345     103.3713 105.1695 1.8190  68 0.764 20.383
36324      72.5983  76.8281 4.2506 165 0.793 20.319
36893      91.3973  93.5632 2.1867  80 0.748 20.095
37672      89.2109  90.9886 1.7985  55 0.625 19.940
37750      91.5199  92.3781 0.8790  38 0.884 19.611    5.15     0.21       0.204
37866      89.4561  92.8072 3.3719 108 0.655 21.196
38342      84.2864  86.1050 1.8394  75 0.833 20.624
38436      87.5353  89.4969 1.9824  62 0.639 20.561
38987     100.0202 101.8184 1.8190  46 0.517 20.412
39672      97.2413 100.1428 2.9223  99 0.692 20.459
39750      67.6125  68.9816 1.3899  56 0.824 20.541
40284      92.7254  95.2592 2.5546  65 0.520 21.365
41689     100.7150 102.9218 2.2276  53 0.486 20.549
42573      92.5211  94.7892 2.2889  79 0.705 19.293    3.888    0.083      0.164
44139      92.7254  95.0957 2.3911  82 0.701 20.434
44376      99.4277 100.2654 0.8585  37 0.881 20.714
44959      83.2238  86.0437 2.8407  85 0.612 21.303
44984     103.4326 105.1695 1.7577  48 0.558 20.731
45297      93.9515  95.7292 1.7985  55 0.625 20.506
45308      86.6362  86.9223 0.3069  14 0.933 20.012
46438      72.0671  74.9891 2.9428 105 0.729 21.027
48990      92.7050  94.3601 1.6759  54 0.659 21.021
49039      91.1929  93.0524 1.8803  63 0.685 19.282  >72.                 >0.8
49193      73.8652  74.7847 0.9403  36 0.783 19.654    5.66     0.55       0.400
50261      75.6838  77.2572 1.5942  61 0.782 19.800
50274      84.0412  84.4294 0.4090  19 0.950 20.614
50487     103.0853 103.8209 0.7564  26 0.703 20.499
51902      95.4635  98.0586 2.6159  92 0.719 19.933
52191      73.5383  74.7030 1.1855  46 0.793 20.031
52431      90.2734  92.3372 2.0846  67 0.657 20.925
52786      67.8169  72.2305 4.4344 147 0.677 21.171 >144.                 >0.5
52816      98.4877 101.3484 2.8815  91 0.645 21.439
53120      85.4715  85.8802 0.4295  15 0.714 19.358
53909      80.0157  82.6517 2.6568 103 0.792 20.165
54853      69.6150  73.2726 3.6784 127 0.706 20.336
55257      83.3873  84.9198 1.5533  52 0.684 19.943
55346      74.6621  77.7272 3.0859  95 0.629 21.009
55459      97.9564  99.8363 1.9007  67 0.720 20.248
55949      70.2689  71.4541 1.2060  49 0.831 19.382   11.16     0.15       0.324
56523      68.5729  72.4349 3.8828 137 0.721 20.915
56586      81.2622  84.0820 2.8406  97 0.698 20.261
57156      89.0065  90.1508 1.1651  49 0.860 20.528
57648      28.5231  31.7516 3.2493 134 0.843 18.357    8.359    0.079      0.266
58171      70.7184  73.6813 2.9837 117 0.801 20.388
63432      91.8877  94.6258 2.7589  76 0.563 21.240
63802      80.0975  80.4857 0.4090  18 0.900 20.926
64020      92.7867  96.0561 3.2902  87 0.540 21.716
65994      92.0920  95.8518 3.7806 128 0.692 21.103
66340      94.4214  96.9756 2.5750  70 0.556 20.307  >62.                 >1.0
67087      85.5328  87.8214 2.3094  89 0.788 20.251   17.7      1.5        0.316
67432      99.7546 101.6958 1.9620  46 0.479 21.517
69759      75.0095  77.8089 2.8202  81 0.587 20.047  >41.                 >0.6
69853     104.1683 104.8834 0.7359  34 0.944 19.871    8.17     0.83       0.454
71188      78.5854  83.1421 4.5775 160 0.714 20.750
71544      77.3389  77.8906 0.5725  22 0.786 20.482
72061      97.9769  99.4685 1.5124  51 0.689 20.528
72069      95.4840  97.1595 1.6963  48 0.578 20.297
72096      95.7292  98.1199 2.4115  51 0.432 21.283
72109      75.9903  78.1767 2.2072  89 0.824 20.588
73745      85.4511  87.4127 1.9824  56 0.577 20.689
74032      98.0586  99.0599 1.0221  36 0.720 20.852
74048     104.8630 105.1695 0.3273  13 0.813 21.164
74702      78.6467  81.8752 3.2493  97 0.610 20.758
74994      97.0574  99.8363 2.7997 103 0.752 21.445
75077      99.8568 100.3267 0.4907  16 0.667 19.927
76023      96.8122  99.4481 2.6567  89 0.685 20.382
76037      96.1174  98.8351 2.7385  95 0.709 21.038
76734      71.3519  76.5420 5.2109 180 0.706 21.147
76894      86.3502  88.2300 1.9006  57 0.613 20.997
77887      81.2622  83.6734 2.4320  92 0.773 20.882
78480      83.7142  86.9427 3.2493 107 0.673 20.674
78643      99.7546 101.6141 1.8803  56 0.609 20.326
78790      93.9310  96.7509 2.8407  85 0.612 20.520
79071      67.6125  71.4541 3.8624 128 0.677 20.597
79126      84.7155  88.1687 3.4740 114 0.671 21.042
79177      97.0982  99.8363 2.7589  80 0.593 21.497
79325      79.1780  80.8739 1.7167  44 0.524 21.131
80431     103.4122 104.1274 0.7360  17 0.472 21.035
80983      98.9168 101.1645 2.2685  80 0.721 21.002
81178     102.8605 105.1695 2.3298  72 0.632 21.042
81228      87.2084  90.2938 3.1062  99 0.651 20.980
81267      93.2158  96.5057 3.3107 108 0.667 20.771
81828      92.0307  94.1762 2.1663  72 0.679 20.037
82547      99.8568 102.2066 2.3706  70 0.603 20.999
82681      97.7725  98.6921 0.9404  18 0.391 21.213
83505      90.8455  92.9502 2.1255  79 0.760 20.191
84504      99.6524 101.5528 1.9212  39 0.415 21.138
85232      99.7955 102.4927 2.7180  71 0.534 21.473
86653     101.3689 103.2896 1.9415  63 0.663 21.219
87649      78.6263  80.8739 2.2684  70 0.631 19.658
88597      92.8480  93.3589 0.5317  14 0.538 21.271
89969     101.9001 102.5949 0.7156  20 0.571 21.012
90068      91.7242  93.7471 2.0437  63 0.630 20.631
90199      67.6125  68.3481 0.7564  26 0.703 20.965
91014      87.7396  89.7217 2.0029  57 0.582 20.863
92730      76.0925  79.8523 3.7806 125 0.676 21.529
93131     101.6141 104.0457 2.4524  85 0.708 21.407
93371      86.5749  88.2096 1.6555  62 0.765 20.753
94940      97.3230  98.9781 1.6759  46 0.561 20.944
95022      86.4728  88.3322 1.8802  72 0.783 20.617
95548      98.9168 100.6741 1.7781  61 0.701 21.206
95822      82.6925  86.8814 4.2097  92 0.447 21.678
96480      76.9303  79.3619 2.4524  77 0.642 20.554
98278      98.3447  99.5707 1.2468  39 0.639 21.496
101310     92.0307  94.3806 2.3707  46 0.397 21.577
101513     87.7601  91.2134 3.4741 102 0.600 21.390
102024     68.7773  71.7197 2.9632  86 0.593 21.388
102423     67.6125  70.3915 2.7998  75 0.547 20.549
103277     97.4456  99.3051 1.8803  72 0.783 20.578
103944     85.4919  88.2096 2.7385  73 0.545 21.286
104465     98.2629  99.8772 1.6351  35 0.438 21.248
104748     87.4536  90.9682 3.5354 109 0.630 21.223
104763    103.1874 105.1695 2.0029  72 0.735 21.184
105131     95.2592  98.2629 3.0245 124 0.838 20.327
106395     83.3055  85.2672 1.9825  61 0.629 20.619
106474     98.3242  99.9589 1.6555  42 0.519 20.499
106615     81.6300  83.7347 2.1255  55 0.529 21.652
106692    102.6562 104.0865 1.4511  56 0.789 21.171
108832    101.0828 103.3509 2.2889  52 0.464 21.161
109131     89.9669  92.2146 2.2685  74 0.667 21.504
109368     91.1316  93.2976 2.1868  59 0.551 21.304
109582     96.6896  98.0382 1.3694  47 0.701 19.652
109791    101.5119 103.8005 2.3094  55 0.487 21.182
109829     82.6108  85.6758 3.0858 103 0.682 20.871
109978     96.8326 100.4902 3.6784 130 0.722 20.679 >144.                  >0.3
110091    103.5961 105.0060 1.4307  40 0.571 20.182
112083    103.9435 105.1695 1.2468  27 0.443 21.483
112922     74.0900  78.4832 4.4140 128 0.593 21.582
113018     91.8672  94.4419 2.5955  90 0.709 20.687
113390     75.9699  78.1971 2.2480  83 0.755 20.885
113417     80.3631  83.7347 3.3924 108 0.651 20.606
113584     91.2747  93.4202 2.1663  75 0.708 20.003
114085    100.1224 101.9819 1.8803  50 0.543 21.003
114297     82.5495  84.0412 1.5125  55 0.743 20.883
114332     90.3551  92.5007 2.1664  73 0.689 20.321
114923     92.1942  94.4623 2.2889  48 0.429 21.676
115554     85.0220  85.8597 0.8585  31 0.738 20.641    8.11     0.91        0.402
116254     93.8493  94.9936 1.1651  40 0.702 20.665
116271     87.2492  90.1508 2.9224  97 0.678 20.711
116313     98.5082 100.6128 2.1254  89 0.856 20.148
117482     84.8994  86.4728 1.5942  43 0.551 21.182
118795     67.9599  71.3723 3.4332 122 0.726 20.845
119128     83.9594  86.8610 2.9224  65 0.455 21.697
119160     90.2734  93.1545 2.9019  47 0.331 21.597
119200     98.5082 100.6332 2.1458  35 0.333 21.742
119219     87.3310  88.3322 1.0220  15 0.300 22.309
119408    100.6741 102.6562 2.0029  48 0.490 20.903
119437     72.5779  76.7668 4.2097 127 0.617 21.606
119655     87.9440  90.2121 2.2889  72 0.643 20.609
120358     75.2343  78.3402 3.1267  82 0.536 21.566
120672    103.7596 104.5565 0.8177  28 0.700 20.663
120678     84.8994  87.4331 2.5545  65 0.520 20.820
122129     79.7297  82.9786 3.2697  88 0.550 21.214
122209     86.0845  87.2084 1.1447  33 0.589 20.650
123005     68.1438  72.3123 4.1893 132 0.644 21.321
123219    103.3100 103.9026 0.6134  23 0.767 20.662
124579     98.3651 101.0011 2.6568  57 0.438 21.540
125925     78.9532  81.3848 2.4524  67 0.558 21.057
125927     97.4456  99.0394 1.6146  54 0.684 20.763
126093     86.2276  87.0245 0.8177  31 0.775 20.488
126174     72.9661  73.5996 0.6543  22 0.688 19.951
126242     87.5966  89.4152 1.8394  51 0.567 20.138
126483    101.7367 103.3713 1.6554  59 0.728 21.617
126498     91.1929  94.4827 3.3106 112 0.691 21.514
126656     68.3481  70.3302 2.0029  71 0.724 20.884
126763     91.3360  93.5224 2.2072  68 0.630 21.120
126801     99.1212 100.6945 1.5941  49 0.628 21.126
127028     95.9539  98.6512 2.7181  86 0.647 21.447
127114     92.7867  94.5849 1.8190  49 0.551 20.535
127656     93.9106  95.1366 1.2468  35 0.574 21.604
128847     79.3414  81.4461 2.1255  62 0.596 20.441
129371     87.8827  90.8047 2.9428  67 0.465 21.540
131220     89.2722  91.5607 2.3093  60 0.531 21.240
131868     87.9644  88.5161 0.5725  18 0.643 20.679
132067    103.7800 105.1695 1.4103  25 0.362 21.270
134377     76.6033  80.1996 3.6171 105 0.593 21.474
135288    103.4735 105.0265 1.5738  30 0.390 21.558
136146     95.1570  96.7917 1.6555  51 0.630 21.624
136576     89.7217  91.3360 1.6351  33 0.413 20.696
136807    103.4531 105.1695 1.7372  52 0.612 20.417
137206     85.0833  85.8393 0.7768  19 0.500 21.966
137411     90.0895  92.6437 2.5750  69 0.548 21.409
137463     84.5520  86.4932 1.9620  47 0.490 21.583
137936     92.2759  94.0332 1.7781  47 0.540 21.080
138121     95.1775  97.0369 1.8802  47 0.511 21.369
139043     68.4095  71.3110 2.9223  76 0.531 21.005
139188     89.1087  90.9273 1.8394  53 0.589 20.949
140008    102.8809 104.5974 1.7373  54 0.635 21.523
140062     72.4553  75.5612 3.1267 126 0.824 20.866
140497    100.6128 103.4940 2.9020  96 0.676 20.818
141639    103.8413 104.7813 0.9608  30 0.638 21.289
141844    103.8209 105.0878 1.2877  23 0.365 21.014
142548     74.3556  76.6442 2.3094  74 0.655 20.561
142755     88.1279  89.1496 1.0425  31 0.608 20.746
142814     98.0586  99.8363 1.7985  56 0.636 21.177
145745     68.3073  69.6763 1.3898  24 0.353 21.421
145789     67.6943  70.5754 2.9019  86 0.606 21.631
145946     76.9507  78.6467 1.7168  48 0.571 21.676
145986     90.9682  92.4394 1.4920  35 0.479 20.903
146021     94.7279  96.8530 2.1459  66 0.629 21.257
147213     77.1550  79.8931 2.7589  98 0.726 21.249
147276     88.4957  90.0895 1.6146  32 0.405 20.452
147616     80.9761  83.0603 2.1050  61 0.592 21.262
148062    100.9397 102.4927 1.5738  34 0.442 21.388
148200     83.8164  84.6133 0.8177  21 0.525 20.846
148467     95.8518  97.5478 1.7168  54 0.643 20.975
149187    101.9001 103.7800 1.9007  30 0.323 21.567
149686    103.3713 105.1695 1.8190  61 0.685 21.253  >72.                   >1.0
149853     89.8443  92.6233 2.7998  75 0.547 21.573
149931     88.8431  90.7434 1.9211  50 0.532 21.118
150441     87.3105  88.7000 1.4103  40 0.580 21.345
150887     95.0140  97.6091 2.6159  81 0.633 21.520
151652     68.8999  70.4119 1.5328  63 0.840 20.566
151815    102.0023 104.4543 2.4728  45 0.372 21.690
152719     84.5316  86.1254 1.6146  34 0.430 21.156
153381    100.5311 101.0419 0.5316  18 0.692 20.541
155033    100.3063 101.8593 1.5738  30 0.390 21.345
155352     71.6993  74.9278 3.2493 100 0.629 21.389
155655     94.0332  95.1775 1.1651  30 0.526 21.149
155721     95.2183  97.4456 2.2481  68 0.618 21.470
157481     89.1291  90.9886 1.8803  38 0.413 21.526
157799     78.9123  82.1613 3.2698  85 0.531 21.756
159914     83.7960  86.1254 2.3502  64 0.557 21.324
160150    103.6574 104.1478 0.5112  19 0.760 20.065
160684     73.9674  76.0925 2.1459  53 0.505 21.100
161224    101.2258 103.3713 2.1663  55 0.519 20.954
161804     67.8986  70.2689 2.3911  89 0.761 21.139
162021     67.6125  68.5934 1.0017  30 0.612 21.246
163457     84.4907  87.1471 2.6772  87 0.664 21.123
163475     89.4765  92.5824 3.1267 113 0.739 20.975
163555     98.4468 101.0011 2.5751  76 0.603 20.784
165890     93.2158  97.1391 3.9441  86 0.446 21.556
166682     68.6342  73.9878 5.3744 184 0.700 20.774
167565     81.8139  85.0220 3.2289  96 0.608 21.025
167573     92.0920  94.3193 2.2481  50 0.455 21.023
168019     86.4728  87.5149 1.0629  30 0.577 21.818
170105     83.3668  85.4715 2.1255  76 0.731 20.775
170689     94.7075  96.8530 2.1663  74 0.698 21.089
171942     89.2517  92.0920 2.8611  61 0.436 21.543
171992     88.5774  91.2338 2.6772  82 0.626 21.676
173293     81.1396  84.7563 3.6375 112 0.629 21.683
173528     91.0908  92.7254 1.6554  47 0.580 21.259
174692     67.7556  69.3494 1.6146  34 0.430 21.668
176010     71.4949  72.8435 1.3694  40 0.597 21.239
176628     89.5991  92.3576 2.7793  60 0.441 21.659
177682     95.1570  96.7713 1.6351  43 0.538 21.559
178414     84.1638  87.0245 2.8815  66 0.468 21.322
178461     86.8406  88.3322 1.5124  41 0.554 21.671
179596     87.2697  89.5991 2.3502  51 0.443 21.745
179800    104.6587 105.1491 0.5112  16 0.640 21.059
179851     88.6387  91.6833 3.0654  65 0.433 21.461
180448     87.3105  90.3347 3.0450  70 0.470 21.521
182303     94.1354  96.7713 2.6567  45 0.346 21.864
183019     69.5537  72.6596 3.1267  71 0.464 21.866
183102     83.3055  86.4932 3.2085  85 0.541 21.443
183705     89.1087  90.3347 1.2468  42 0.689 21.615
184349     96.8326  98.8351 2.0233  40 0.404 21.237
184736     75.1321  76.9098 1.7985  35 0.398 22.220
185090     92.6233  93.5632 0.9607  24 0.511 21.197
185831     95.8722  98.0382 2.1868  62 0.579 21.396
185955     67.6534  68.7773 1.1447  40 0.714 21.723
186047     95.1162  97.3026 2.2072  38 0.352 22.075
186052     97.8951 100.6332 2.7589  71 0.526 21.528
186496    101.1850 103.4122 2.2480  40 0.364 21.428
186720     84.9198  85.8802 0.9812  25 0.521 21.284
187267    103.5553 105.1082 1.5737  21 0.273 21.525
187989     85.1037  87.5966 2.5137  47 0.382 21.440
188291     94.5440  96.4444 1.9212  56 0.596 21.152
189101    101.0011 103.2692 2.2889  64 0.571 21.306
190277     99.8363 101.7775 1.9620  60 0.625 21.547
190631     85.2059  87.3514 2.1663  60 0.566 20.994
191132     86.4115  87.2901 0.8994  30 0.682 21.113
191675     91.1725  93.9719 2.8202  59 0.428 21.832
191773     82.2226  84.3681 2.1663  67 0.632 21.395
192123     94.6871  97.0982 2.4319  81 0.681 21.004
192665     77.1346  80.5674 3.4536  93 0.550 21.523
193514     87.9644  88.4957 0.5521  24 0.889 20.519
196582     71.4541  74.8869 3.4536 126 0.746 21.384
196707     82.9786  85.7371 2.7793  81 0.596 20.985
198539     99.7342 101.6754 1.9620  54 0.563 20.956
198580    104.0252 105.0673 1.0629  30 0.577 21.412
198695     86.4523  89.2926 2.8611  91 0.650 20.774
199327     93.6450  94.7688 1.1446  31 0.554 21.114
201751     78.2993  79.8318 1.5533  33 0.434 21.800
204075     68.3277  72.0058 3.6989 125 0.691 21.163
204247    101.2667 103.0035 1.7576  54 0.628 21.695
204518     76.5216  79.8727 3.3719  93 0.564 21.464
204668     75.4590  80.0975 4.6593 141 0.618 21.874
205492     82.1204  85.2467 3.1471 117 0.760 20.767
206234     93.9106  96.5261 2.6363  76 0.589 21.572
207744     84.4907  86.2071 1.7372  44 0.518 21.611
209499     96.0766  98.7125 2.6567  66 0.508 21.458
209933     90.7025  92.4598 1.7781  47 0.540 20.917
211809    104.3726 105.1286 0.7768  14 0.368 21.509
212812     67.6125  68.2664 0.6747  25 0.758 21.256
215206     84.5111  86.7997 2.3094  44 0.389 21.595
216087     73.5792  75.7860 2.2276  56 0.514 21.607
216185     78.5854  80.4244 1.8598  44 0.484 21.364
216479     90.8455  92.8480 2.0233  57 0.576 21.453
216922     96.4648  98.7329 2.2889  59 0.527 21.131
216957     99.8159 101.7571 1.9620  28 0.292 21.452
217691     94.2580  95.6883 1.4511  34 0.479 21.694
217723     75.9086  77.7272 1.8394  44 0.489 21.552
218123     68.7773  70.5754 1.8189  62 0.697 21.423
218190    103.9844 104.9243 0.9607  15 0.319 20.958
218213     76.9916  78.2176 1.2468  33 0.541 21.853
218327     71.0863  71.7197 0.6542  23 0.719 20.934
218609     67.6125  69.8398 2.2481  68 0.618 20.226  9.72       0.22         0.690
219306     74.0491  74.4782 0.4499  18 0.818 21.123
219452     95.3614  97.3639 2.0233  50 0.505 21.443
219803     90.9273  92.5824 1.6759  45 0.549 20.485
220080     71.6584  73.6405 2.0029  51 0.520 22.073
220111     94.7688  96.2809 1.5329  34 0.453 20.993
220179     67.6125  67.8782 0.2865  14 1.000 20.489
220242     80.5674  82.8356 2.2890  65 0.580 21.494
220457     70.2689  71.9445 1.6964  49 0.590 20.822
221053     97.6295  99.3051 1.6964  34 0.410 21.560
221652    102.8401 104.7404 1.9211  32 0.340 21.643
222439     71.2906  74.9482 3.6784  83 0.461 21.965
222610    103.3713 105.0878 1.7373  44 0.518 21.155
223058     75.8881  76.8485 0.9812  34 0.708 20.907
223059     86.6567  89.2926 2.6567  39 0.300 21.738
223155     93.8493  95.4022 1.5737  34 0.442 21.196
223174     97.1800  97.9564 0.7972  17 0.436 20.824
223209     84.4294  86.2071 1.7985  45 0.511 21.012
224784     75.7247  79.1371 3.4332  73 0.435 21.804
224829     94.9936  96.5874 1.6146  30 0.380 21.326
224927     93.0524  94.4419 1.4103  37 0.536 21.295
225463     83.4486  86.0028 2.5750  56 0.444 21.866
225507     72.1692  75.7655 3.6171 117 0.661 21.493
225617    100.0202 102.0432 2.0438  48 0.480 20.760
225685     79.3414  81.7935 2.4729  48 0.397 22.062
225716     99.1212 101.3076 2.2072  41 0.380 21.677
225736     99.6116 102.0840 2.4932  58 0.475 21.608
225752     85.1037  87.9644 2.8815  51 0.362 21.783
226278     71.2293  74.1104 2.9019  77 0.542 21.429
226319     90.1099  91.3973 1.3082  38 0.594 21.274
227131     73.1705  77.4207 4.2710  80 0.383 21.965
227136    100.3676 102.5744 2.2276  36 0.330 21.696
227214     78.5650  81.3644 2.8202  61 0.442 21.826
227329     93.8289  95.5453 1.7372  46 0.541 21.567
227840     67.6125  69.9828 2.3911  64 0.547 21.388
228142     71.6584  72.7822 1.1446  27 0.482 21.785
228176     75.1117  76.8894 1.7985  43 0.489 21.710
228384     99.6524 101.3484 1.7168  43 0.512 21.480
228385     68.4095  70.9024 2.5137  82 0.667 20.391
228561     98.4673 101.6345 3.1880  80 0.513 21.464
228564    100.3472 101.7162 1.3898  35 0.515 21.363
228578    103.3100 105.1695 1.8803  40 0.435 21.299
228603    102.7583 104.0457 1.3082  43 0.672 20.912
228624    100.0202 101.3689 1.3695  40 0.597 21.131
229578     99.8363 101.8184 2.0029  55 0.561 21.379
229782     75.3773  75.7042 0.3477  13 0.765 21.753
229820     72.6596  75.2343 2.5955  82 0.646 21.034
230034     88.2913  90.3960 2.1255  62 0.596 21.538
230282     72.9457  74.8665 1.9416  72 0.758 20.945
230313     97.0165  97.9564 0.9607  32 0.681 20.978
230946     94.9936  98.0995 3.1267  79 0.516 21.625
230974     75.1730  76.2560 1.1038  32 0.593 21.292
231449     67.6738  69.8194 2.1664  61 0.575 21.408
232539     85.6145  86.1254 0.5317  24 0.923 21.840
232574     80.9557  82.5904 1.6555  48 0.593 21.691
233366     96.3422  97.8134 1.4920  42 0.575 21.279
233814     94.6462  96.8326 2.2072  55 0.509 21.186
233833     96.4852  99.1620 2.6976  59 0.447 21.565
235801    104.0661 104.5156 0.4703  16 0.696 20.909
235854     88.3118  90.4982 2.2072  58 0.537 21.169
236241     95.3409  98.1199 2.7998  73 0.533 21.686
237039     86.1663  89.0270 2.8815  51 0.362 21.538
237072     96.5261  99.1416 2.6363  74 0.574 21.539
237286    100.1224 103.1670 3.0654  98 0.653 21.243
237306     99.9181 103.3509 3.4536  99 0.586 21.624
238671     94.3806  96.3422 1.9824  43 0.443 21.637
238805     71.4541  77.5024 6.0691 150 0.505 22.086
240161     67.6738  69.1655 1.5125  50 0.676 21.593
240172     83.2442  86.5749 3.3515  89 0.543 21.829
240732     95.3205  98.1199 2.8202  88 0.638 21.468
241046     92.1329  96.5261 4.4140  99 0.458 21.799
241215     87.5966  90.4982 2.9224  71 0.497 21.379
241477    104.2704 105.0060 0.7564  23 0.622 21.702
242338     94.1354  96.3422 2.2276  70 0.642 21.203
242748     95.8518  98.8351 3.0041  56 0.381 21.880
243292     85.8189  88.8431 3.0450  72 0.483 21.582
243412     96.3013  98.6103 2.3298  65 0.570 21.540
244972     71.7810  73.2522 1.4920  49 0.671 21.152
245003     95.3205  95.8109 0.5112  16 0.640 21.822
246647    103.3713 104.8834 1.5329  39 0.520 21.412
247529     99.6933 102.3088 2.6363  46 0.357 21.776
259426     98.0995  99.8363 1.7576  33 0.384 21.420
259485     97.5682  99.3459 1.7985  39 0.443 21.252
259838     85.2876  87.3514 2.0846  45 0.441 21.185
260605     97.2617  98.3855 1.1446  27 0.482 21.685
260618     88.0053  89.7626 1.7781  40 0.460 21.402
262476    100.4698 102.3701 1.9211  48 0.511 20.999
264901     91.7038  93.2567 1.5737  26 0.338 21.417
265170     78.9123  81.9161 3.0246  59 0.399 21.608
265176     93.3384  94.7688 1.4512  27 0.380 21.207
265550     98.0382 100.3472 2.3298  38 0.333 21.243
265652     85.5737  88.2300 2.6771  60 0.458 21.976
266571     87.4127  89.6400 2.2481  48 0.436 21.340
266607     90.9477  92.8889 1.9620  29 0.302 21.561
267129     71.4541  74.3965 2.9632  87 0.600 21.489
267256     96.7304  98.7534 2.0438  29 0.290 21.887
267605     96.1787  97.9156 1.7577  36 0.419 21.565
267640     97.7930  99.3664 1.5942  43 0.551 21.535
267681     90.1099  92.1329 2.0438  39 0.390 21.723
267884     91.6220  93.6041 2.0029  67 0.684 20.750
267951     99.1007 100.7150 1.6351  46 0.575 21.641
267981     87.2697  88.1483 0.8994  19 0.432 21.425
267987     90.7638  93.6041 2.8611  42 0.300 21.662
268010     81.4052  82.5086 1.1242  17 0.309 21.659
268867     92.5211  94.0741 1.5738  47 0.610 21.082
268896     96.3626  97.5886 1.2468  24 0.393 21.288
268902     90.7434  92.5824 1.8598  38 0.418 21.651
268906     91.2338  93.3384 2.1254  60 0.577 20.940
268924     74.2739  75.9699 1.7168  48 0.571 21.309
269433     94.7075  95.8722 1.1855  28 0.483 21.686
269656     94.1354  96.0766 1.9620  42 0.438 21.524
269858     89.3948  90.9682 1.5942  41 0.526 21.055
269915     70.3915  71.5358 1.1651  19 0.333 21.356
270808    100.9193 101.6549 0.7564  16 0.432 21.544
270895     93.6654  95.4022 1.7576  42 0.488 21.134
270994    100.5924 101.7571 1.1855  26 0.448 21.069
271005     98.4877  99.5503 1.0834  32 0.604 20.732
271087     75.2138  79.9340 4.7410  80 0.345 22.094
271575     89.9056  92.0307 2.1459  54 0.514 21.281
271737     69.8602  73.5996 3.7602  85 0.462 21.846
271852    100.9193 103.4735 2.5750  52 0.413 21.685
272157     71.3519  72.3940 1.0629  26 0.500 21.209
272198    103.7800 104.6382 0.8790  20 0.465 21.185
272552     87.9031  90.0691 2.1868  39 0.364 21.397
272714     91.1725  92.9093 1.7576  38 0.442 21.417
272769    100.0815 102.3905 2.3298  58 0.509 21.867
273168    104.7813 105.1695 0.4090  15 0.750 21.447
273303     97.7112  99.8159 2.1255  51 0.490 21.518
273551     82.5904  83.7551 1.1855  34 0.586 21.645
273692     83.9186  86.1458 2.2480  64 0.582 21.470
273848     83.0399  86.8610 3.8419  58 0.309 21.840
274022     94.6053  98.5286 3.9441  56 0.290 21.848
274959     68.7977  70.6367 1.8598  44 0.484 21.579
275173    104.5156 105.1695 0.6747  16 0.485 21.035
275672     73.4157  76.4807 3.0858  54 0.358 22.285
275721     81.8343  83.9186 2.1051  77 0.748 20.367
276624     80.5266  81.1192 0.6134  13 0.433 21.701
276684    101.9410 103.7187 1.7985  41 0.466 21.235
276698     74.8256  76.1947 1.3899  41 0.603 21.629
276946     96.2605  99.2846 3.0449  77 0.517 21.749
276996     67.6125  69.9011 2.3094  75 0.664 21.320
277390     81.7526  83.4486 1.7168  41 0.488 21.503
277574     76.4399  79.6479 3.2288  70 0.443 21.721
277645     81.4052  83.8777 2.4933  51 0.418 21.711
277866    101.4302 103.6370 2.2276  74 0.679 21.288
278095     78.0541  79.6888 1.6555  31 0.383 21.580
278198    100.3267 101.8593 1.5534  40 0.526 21.617
278217     67.6738  70.1463 2.4933  45 0.369 21.369
278258     91.7446  93.8289 2.1051  35 0.340 21.556
278533     67.6125  71.1271 3.5354  77 0.445 21.931
278553     87.3514  88.5979 1.2673  26 0.419 21.665
278564     84.0003  87.2901 3.3106  68 0.420 21.970
278573     97.5886  99.5707 2.0029  48 0.490 21.300
278577     86.7997  87.9031 1.1242  14 0.255 21.683
279037     90.5186  93.0524 2.5546  50 0.400 21.569
279424     96.9756  99.7342 2.7794  70 0.515 21.814
279501     93.7471  94.7688 1.0425  32 0.627 21.516
279740     68.3073  71.5562 3.2697  68 0.425 21.571
280070     75.3773  77.9315 2.5750  79 0.627 21.302
280427     93.8902  96.3831 2.5137  57 0.463 21.497
281052     98.2629 100.4493 2.2072  53 0.491 21.343
281702     78.8510  81.8752 3.0450  74 0.497 21.849
281807    101.2463 102.7583 1.5328  44 0.587 21.545
281823     76.0925  78.3197 2.2480  71 0.645 21.176
281826     78.8306  79.3414 0.5316  17 0.654 22.258
283912     95.4227  96.1992 0.7973  30 0.769 21.078
284975     96.9552 100.3267 3.3923  79 0.476 21.737
285036     86.4523  88.7818 2.3503  44 0.383 21.637
285106     80.1792  84.2659 4.1075 114 0.567 21.894
285805     83.8368  86.1663 2.3503  51 0.443 21.390
287659    103.7187 105.0673 1.3694  48 0.716 21.442
288286    104.3113 105.1491 0.8586  27 0.643 21.095
288293    100.0202 102.3292 2.3298  53 0.465 21.467
288309     95.1775  97.0778 1.9211  39 0.415 21.528
288944     68.8590  73.4974 4.6592 108 0.474 21.946
294268     85.5124  89.6400 4.1484  81 0.399 21.633
294377     85.9824  87.4331 1.4715  22 0.306 21.844
294622     72.9457  75.1321 2.2072  45 0.417 21.192
295723     97.0778  98.9577 1.9007  36 0.387 21.705
296094     86.1867  88.8022 2.6363  65 0.504 21.447
296631     75.0095  78.2176 3.2289  65 0.411 21.921
296697     88.1074  90.0895 2.0029  42 0.429 21.552
306803    100.6128 102.9627 2.3707  32 0.276 21.700
307955     95.4022  97.5069 2.1255  25 0.240 21.895
308771     96.1379  97.0574 0.9403  22 0.478 21.665
315000     88.6796  90.1712 1.5124  37 0.500 20.834
319177     75.7655  78.9736 3.2289  56 0.354 21.829
321141     99.2642 101.0828 1.8394  41 0.456 21.733
322317     85.5532  88.2096 2.6772  74 0.565 21.565
326869     94.7892  96.5465 1.7781  37 0.425 21.731
329586     96.3626  98.6716 2.3298  52 0.456 22.043
330305     81.5278  84.0207 2.5137  39 0.317 21.515
330372     90.1099  92.7254 2.6363  47 0.364 21.959
332029     67.6943  71.0863 3.4128  63 0.377 21.839
332149    100.3063 102.1658 1.8803  47 0.511 21.526
332485    103.4122 105.1082 1.7168  29 0.345 21.513
332886     95.6270  98.4877 2.8815  59 0.418 21.757
333319     98.4060 101.1032 2.7180  93 0.699 20.615
333549     83.6325  87.2288 3.6171  55 0.311 21.908
333967    101.5528 104.0048 2.4728  51 0.421 21.424
334934     98.5490 100.6128 2.0846  59 0.578 21.310
334998     97.5478  99.2438 1.7168  34 0.405 21.546
335037     67.6943  68.6138 0.9403  22 0.478 21.229
335102     88.1483  89.5787 1.4512  28 0.394 21.618
335177     67.7964  70.3506 2.5750  65 0.516 21.625
335196     84.1025  86.2480 2.1663  44 0.415 21.568
335293     73.2931  74.8869 1.6146  31 0.392 22.626
335409     83.5508  85.8393 2.3093  41 0.363 22.158
335560     87.1471  90.2734 3.1471  57 0.370 21.836
335582     74.0287  76.8281 2.8202  81 0.587 21.355
335991    101.5732 105.1695 3.6171  59 0.333 21.716
336044     80.6083  83.7347 3.1472  79 0.513 21.741
336110    102.3701 104.4952 2.1459  31 0.295 21.451
336360     80.7513  82.3043 1.5738  49 0.636 21.901
336498     84.0207  86.3706 2.3707  50 0.431 21.507
336526     92.7050  95.7087 3.0245  99 0.669 21.408
336609    100.0611 101.3689 1.3286  28 0.431 21.567
338524     74.6621  79.6684 5.0271  78 0.317 22.205
339406    101.5732 104.2091 2.6567  61 0.469 21.661
339624     72.2101  75.6634 3.4741  51 0.300 21.894
340193     80.3427  83.6734 3.3515  72 0.439 21.829
340553    101.8184 104.3317 2.5341  46 0.371 21.759
340574     91.9490  94.7484 2.8202  49 0.355 21.981
341245     82.6721  87.2697 4.6184  83 0.367 21.955
342051     73.1909  76.1334 2.9633  77 0.531 21.546
342895     81.1396  84.3272 3.2084 100 0.637 21.541
343850     86.2480  90.8864 4.6592 101 0.443 22.024
343945     90.3551  92.7050 2.3707  57 0.491 21.585
345304     67.6125  70.6163 3.0246  87 0.588 21.562
346895     71.2089  74.6008 3.4127  59 0.353 21.913
349000     89.8443  90.8047 0.9812  19 0.396 20.750
366205     94.5032  97.0778 2.5954  62 0.488 21.786
368176     91.3155  92.8276 1.5329  33 0.440 21.460
373567     92.3985  94.0536 1.6759  46 0.561 20.969
373933     99.6116 101.7367 2.1459  60 0.571 21.652
373964     97.2208  98.5490 1.3490  23 0.348 21.475
374770     96.9961  98.4673 1.4920  30 0.411 21.479
375757     92.6641  93.8493 1.2060  19 0.322 21.641
376821    103.6779 104.7608 1.1037  22 0.407 20.902
376840     98.4468  99.1825 0.7565  24 0.649 22.011
376998    103.8413 105.0265 1.2060  20 0.339 21.378
377005     91.3155  92.6641 1.3694  17 0.254 21.341
377147    103.3509 104.3726 1.0425  24 0.471 21.543
377234     90.3143  91.9490 1.6555  31 0.383 21.530
377354     99.4481 101.0419 1.6146  39 0.494 21.261
377458     84.7768  86.7588 2.0028  39 0.398 21.732
377616    104.0252 105.0878 1.0834  20 0.377 21.633
377636     86.0845  87.2084 1.1447  26 0.464 21.734
377914    103.4531 104.8834 1.4511  36 0.507 20.891
378232     80.7105  82.7130 2.0233  41 0.414 21.516
378239     97.5273  99.1825 1.6760  39 0.476 21.425
378242    103.2079 104.7813 1.5942  31 0.397 21.359
378244     82.3656  83.6734 1.3286  37 0.569 21.204
379025    102.9422 104.1070 1.1856  29 0.500 21.736
379232     84.0820  84.6337 0.5725  15 0.536 21.543
379403     78.1563  78.5854 0.4499  16 0.727 20.864
379555     91.6425  93.2158 1.5941  31 0.397 21.170
380196     83.4282  85.6350 2.2276  59 0.541 20.496
380298     97.9769  99.8363 1.8802  36 0.391 21.417
380353     72.9048  76.0108 3.1268 108 0.706 21.481
380720     97.6499  99.6933 2.0642  21 0.208 21.651
380745     96.3422  98.5899 2.2685  32 0.288 21.618
380816     94.7892  96.9552 2.1868  43 0.402 21.276
380841     87.6375  89.1496 1.5329  38 0.507 21.103
381065    103.7596 104.9447 1.2059  21 0.356 21.771
381082     82.1408  83.8981 1.7781  28 0.322 21.405
381104     77.1550  78.8715 1.7373  45 0.529 21.193
381151     90.1304  92.8889 2.7793  91 0.669 21.346
381196    101.3893 103.5757 2.2072  40 0.370 21.927
381225     95.0140  97.3639 2.3707  35 0.302 21.931
381246     78.4628  80.6287 2.1867  35 0.327 21.869
381316     87.9440  90.5595 2.6363  60 0.465 21.758
381341     72.2714  73.2522 1.0016  26 0.531 21.555
381418     96.9552  98.7125 1.7781  42 0.483 21.536
381457     88.2300  89.5991 1.3899  30 0.441 21.480
381491    103.4326 105.1286 1.7168  33 0.393 21.645
381499    103.2487 104.9652 1.7373  35 0.412 21.842
381523     94.8914  96.2196 1.3490  32 0.485 21.809
381639     99.1620 101.5732 2.4320  49 0.412 21.545
381674     76.0925  77.4002 1.3285  33 0.508 21.313
381681     92.7254  95.0344 2.3298  66 0.579 21.617
381712    102.1658 104.3317 2.1867  48 0.449 21.355
381770     77.7476  80.3222 2.5954  48 0.378 21.866
381855     95.1979  97.3639 2.1868  62 0.579 21.346
381919    101.3076 103.0444 1.7576  33 0.384 21.447
382027     76.1947  77.8702 1.6963  34 0.410 21.500
382038     67.7964  68.5525 0.7769  16 0.421 21.564
382052    101.2463 103.1670 1.9415  45 0.474 21.406
382062     88.0053  89.0270 1.0425  19 0.373 21.594
382073     95.0344  97.4865 2.4729  48 0.397 21.766
382169     92.2350  93.4406 1.2264  26 0.433 21.363
382202     86.0437  88.7613 2.7384  56 0.418 21.926
382426     71.1680  74.4169 3.2697  77 0.481 21.922
382513     76.1129  79.0554 2.9633  65 0.448 21.763
382895    103.2487 104.9447 1.7168  23 0.274 21.166
383033     93.3997  95.1775 1.7986  36 0.409 21.288
383222    101.1441 103.7187 2.5954  54 0.425 21.556
383305     81.5483  84.5520 3.0245  65 0.439 21.785
383555     81.9365  84.2046 2.2889  42 0.375 21.653
383715     67.6534  70.4528 2.8202  80 0.580 21.399
383722     74.8460  78.3402 3.5150  85 0.494 21.856
384040     69.9624  73.8448 3.9032  80 0.419 21.888
384127     85.0015  87.4127 2.4320  62 0.521 21.644
384129     93.9106  96.5261 2.6363  77 0.597 21.322
384495     72.2305  72.8844 0.6747  31 0.939 21.498
384539     95.3205  98.0995 2.7998  55 0.401 21.435
384617     68.7773  71.8219 3.0654  67 0.447 21.580
384794     83.2238  86.0845 2.8815  79 0.560 21.767
386895     91.8877  94.1354 2.2685  50 0.450 21.936
387488     72.7822  74.7847 2.0233  73 0.737 21.309
391535     82.0387  85.0015 2.9836  60 0.411 21.686
2001PG54   89.5787  91.9694 2.4115  50 0.424 21.785
2001TO219  76.9303  80.0770 3.1675  70 0.452 21.851
2001XX12  102.0636 103.8413 1.7985  42 0.477 21.334
2002PC160  80.4653  81.8752 1.4307  28 0.400 21.753
2002QP51   87.7805  90.1917 2.4320  38 0.319 21.515
2002RR60   99.4685 101.7367 2.2890  39 0.348 21.959
2002UR79  103.5757 105.1695 1.6146  32 0.405 20.889
200302    101.4506 103.6779 2.2481  55 0.500 21.117
2003RX11   91.8264  93.7880 1.9824  35 0.361 21.711
2003SC116  88.1074  90.3347 2.2481  43 0.391 21.577
2003SH139  77.0529  80.1383 3.1062  83 0.546 21.969
2004BP143  77.4207  80.1588 2.7589  50 0.370 22.054
2004NV7    74.6417  75.2138 0.5929  13 0.448 20.849
2004RC350  93.9923  95.5248 1.5533  39 0.513 21.614
2005CJ32   99.4072 100.5311 1.1447  20 0.357 21.733
2005JA55   81.5483  83.6734 2.1459  46 0.438 21.717
2005JO7   101.7571 102.7175 0.9812  20 0.417 21.650
2005LE8    67.6330  71.9036 4.2914  71 0.338 21.630
2005OU26   77.8702  79.1371 1.2877  29 0.460 21.434
2005QP125  92.5007  94.6871 2.2072  31 0.287 21.656
2005RO33   79.4845  81.8548 2.3911  27 0.231 21.402
2005TJ108  80.8331  83.1216 2.3093  48 0.425 21.566
2005TX147  91.1929  93.1341 1.9620  34 0.354 21.689
2005WL78   81.5278  84.4907 2.9837  76 0.521 21.897
2005WX172  95.1775  97.0369 1.8802  23 0.250 21.640
2005WY198  95.3818  98.3038 2.9428  60 0.417 21.676
2005XJ100  95.6679  97.2617 1.6146  20 0.253 21.821
2005YA32   76.7668  79.2188 2.4728  58 0.479 21.844
2005YQ21   99.5094 101.4710 1.9824  39 0.402 21.661
2005YT138  87.1471  89.6195 2.4932  44 0.361 21.600
2005YZ191  97.7317  98.6716 0.9607  20 0.426 21.420
2006AD64   95.2388  97.1187 1.9007  31 0.333 21.407
2006BN280  88.0870  90.0078 1.9416  38 0.400 21.364
2006BQ29   73.4157  76.3581 2.9632  58 0.400 21.642
2006BR108  82.0182  84.0820 2.0846  24 0.235 21.533
2006BX239  91.0703  92.8685 1.8190  46 0.517 21.787
2006CW1    90.8047  92.9298 2.1459  52 0.495 21.589
2006DS89   72.1897  73.0683 0.8994  13 0.295 21.608
2006PO34   97.5682  99.5298 1.9824  26 0.268 22.056
2006QZ44   99.0599  99.9998 0.9607  20 0.426 21.578
2006RH10   89.8443  91.6220 1.7985  34 0.386 21.443
2006SB261  94.3193  96.4239 2.1254  23 0.221 21.662
2006ST65   94.2171  94.8301 0.6338  13 0.419 21.855
2006SX117  71.2497  73.4361 2.2072  37 0.343 22.253
2006UE60   81.6300  84.3477 2.7385  44 0.328 21.986
2006UH101  99.4072 101.4506 2.0642  18 0.178 21.881
2006UW130  91.4994  93.7063 2.2277  29 0.266 21.657
2006UW277 103.2692 105.0265 1.7781  19 0.218 21.176
2006WQ187  83.9594  86.0437 2.1051  45 0.437 21.641
2006WR161  87.6579  90.8251 3.1880  34 0.218 21.337
2006XG51  101.0215 102.4723 1.4716  21 0.292 21.017
2007CR16   88.2505  89.1087 0.8790  17 0.395 21.578
2007DF16   85.0015  86.9223 1.9416  40 0.421 21.777
2007DK86   80.3427  83.5916 3.2697  55 0.344 22.184
2007EH146  93.0524  95.3409 2.3093  47 0.416 21.604
2007EK217  75.8064  79.0554 3.2698  56 0.350 21.898
2007HH25   83.7755  85.6554 1.9007  36 0.387 22.071
2007RV287  75.9495  77.9315 2.0028  36 0.367 21.954
2007TD390 101.8388 105.0878 3.2698  48 0.300 21.592
2007TE197 100.4698 102.7379 2.2889  49 0.438 21.682
2007TK329  92.2146  95.1366 2.9428  48 0.333 21.904
2007TR179  88.1074  90.4982 2.4116  48 0.407 21.530
2007TW256  69.9215  73.5587 3.6580  79 0.441 21.988
2007TY299  84.1638  87.3310 3.1880  72 0.462 21.874
2007UQ59   81.2622  82.3247 1.0833  28 0.528 22.105
2007UZ61   77.6659  78.1154 0.4703  16 0.696 22.244
2007VC182  69.5333  75.3977 5.8852  99 0.344 21.971
2007VC74   90.3960  92.2350 1.8598  41 0.451 21.765
2008CO91   96.5465  98.1812 1.6555  18 0.222 21.247
2008ET142  91.7651  92.7254 0.9811  15 0.313 21.320
2008FQ10  104.4339 105.1491 0.7360  16 0.444 21.379
2008JR11  100.4085 102.2884 1.9007  29 0.312 21.946
2008KG25   67.6738  69.1042 1.4512  36 0.507 21.616
2008MP1    82.7130  84.5111 1.8189  23 0.258 21.935
2008QR18   76.2968  78.4628 2.1868  54 0.505 22.021
2008RE34   98.6308 100.1428 1.5328  41 0.547 21.887
2008SA109 101.9410 102.3701 0.4499  14 0.636 21.884
2008SP187  99.2438 101.1645 1.9415  27 0.284 21.807
2008SP95   84.0412  85.7371 1.7167  41 0.488 21.574
2008TZ48   86.7588  90.1917 3.4537  59 0.349 21.451
2008UT121  85.3285  86.4319 1.1242  16 0.291 22.456
2008VC39   94.2580  96.9961 2.7589  58 0.430 21.549
2008VV49   99.6729 100.4698 0.8177  13 0.325 21.725
2008YM91   81.1805  84.1433 2.9836  84 0.575 21.565
2008YT171  98.4468 100.6128 2.1868  54 0.505 21.542
2008YU142  87.4536  89.1700 1.7372  49 0.576 21.689
2009AN30   93.5224  94.7484 1.2468  29 0.475 21.141
2009AS30   94.5849  97.6908 3.1267  56 0.366 21.767
2009BF32   84.5316  87.0449 2.5341  46 0.371 21.799
2009BP41   96.1174  97.3026 1.2060  20 0.339 21.636
2009BS153  72.7414  75.7451 3.0245  73 0.493 21.615
2009BV34   74.9073  77.7272 2.8407  66 0.475 21.794
2009BY10   98.2834 100.1633 1.9007  53 0.570 21.107
2009FP32   89.4561  92.6641 3.2288  42 0.266 21.694
2009QB19   97.8134  99.8568 2.0642  42 0.416 21.508
2009QT19   99.6933 101.3280 1.6555  25 0.309 21.649
2009RY4    82.6108  84.0412 1.4512  34 0.479 21.869
2009SC310  90.7842  92.1737 1.4103  20 0.290 21.042
2009SN170 103.9231 104.9243 1.0220  19 0.380 21.199
2009SN20   92.3168  94.6053 2.3093  37 0.327 21.577
2009SS333  97.3026  98.9168 1.6350  16 0.200 21.133
2009SX142 101.4915 103.6574 2.1867  26 0.243 21.666
2009TD48   92.8276  94.5645 1.7577  32 0.372 21.473
2009US113 100.4493 102.8809 2.4524  41 0.342 21.714
2009UT49   80.0975  80.8944 0.8177  19 0.475 21.749
2009VG94   83.2647  84.8381 1.5942  17 0.218 21.609
2009WX127  70.5345  73.1092 2.5955  74 0.583 21.777
2009XO17   90.2938  92.6233 2.3503  46 0.400 21.603
2009YO21   89.8239  91.5199 1.7168  27 0.321 21.358
2010AD111  78.4628  83.4077 4.9657  54 0.222 22.090
2010AL76   77.7680  80.3018 2.5546  75 0.600 21.488
2010AR24   85.2876  86.9223 1.6555  38 0.469 21.304
2010BO6   100.2450 102.9831 2.7589  48 0.356 21.998
2010CA67   87.6783  90.5186 2.8611  77 0.550 21.546
2010CY76   67.6125  68.1234 0.5317  13 0.500 21.608
2010RQ64   85.7167  87.2084 1.5125  15 0.203 21.995
2010XR69   92.3168  94.2580 1.9620  22 0.229 21.547
2011BF7    67.6125  69.7376 2.1459  38 0.362 21.866
2011BG89   78.7693  80.5266 1.7781  34 0.391 21.391
2011BZ154 103.2692 104.7813 1.5329  23 0.307 21.350
2011CE17   95.5453  96.4648 0.9403  20 0.435 21.387
2011CM67   91.7651  92.6846 0.9403  19 0.413 21.702
2011CR25  102.5744 104.3726 1.8190  47 0.528 21.274
2011EK48   67.6534  69.4107 1.7781  45 0.517 21.529
2011EQ24   75.6429  79.1984 3.5763  59 0.337 21.928
2011EU16  104.1683 105.0673 0.9198  20 0.444 21.406
2011FW27   92.8685  95.3818 2.5341  39 0.315 21.638
2011FX152 101.0011 102.6970 1.7167  28 0.333 21.170
2011GA79   84.5111  86.4932 2.0029  46 0.469 21.612
2011HA52  104.0865 105.1491 1.0834  22 0.415 21.441
2011HO1   103.2079 105.1082 1.9211  38 0.404 21.397
2011KB31  102.2884 104.3726 2.1050  26 0.252 21.196
2011QU2    81.5687  86.6158 5.0679 106 0.427 22.026
2012HE21   85.3693  87.5353 2.1868  33 0.308 21.783
2012JL3   102.3292 104.5565 2.2481  40 0.364 21.702
2012JQ26   88.1892  90.9068 2.7384  25 0.187 21.851
2012KC13  100.9806 103.1261 2.1663  36 0.340 21.527
2012NW1    70.4937  73.8244 3.3515  87 0.530 21.887
2012PA26  103.0444 105.1695 2.1459  53 0.505 21.648
2012TE166  67.6125  72.3736 4.7819 129 0.551 21.962
2012TF141  67.9395  68.5116 0.5929  19 0.655 21.759
2013NH4    89.9465  92.8276 2.9019  26 0.183 21.402
2013NQ8    99.3255 101.7162 2.4115  24 0.203 21.952
2013PH3    72.7005  74.9482 2.2685  23 0.207 22.222
2013TG124 101.7775 103.1670 1.4103  19 0.275 21.485
2013TO129  91.7242  93.7880 2.0846  67 0.657 21.070
2013TT114  95.7905  97.2821 1.5124  16 0.216 21.489
2013VV8    67.7760  68.6955 0.9403  30 0.652 21.293
2013VY7   104.4748 105.1695 0.7155  15 0.429 21.017
2013WC14   79.1167  80.9557 1.8598  17 0.187 21.735
2013WC64   89.8443  91.5199 1.6964  27 0.325 21.646
2013WD74   81.9774  84.2251 2.2685  64 0.577 21.595
2013WE33  101.1645 102.9014 1.7577  24 0.279 21.966
2013WF97   99.4685 101.1850 1.7373  33 0.388 21.679
2013WG12   79.6479  81.6709 2.0438  16 0.160 21.515
2013WG20   69.9624  72.7209 2.7793  26 0.191 21.250
2013WH108  81.9569  84.7972 2.8611  46 0.329 21.807
2013WH85   78.5241  80.7922 2.2889  46 0.411 21.856
2013WK46   99.6320 101.0624 1.4512  23 0.324 21.596
2013WL19   82.6517  84.7768 2.1459  29 0.276 21.728
2013WM57   87.9235  90.0486 2.1459  42 0.400 21.747
2013WP15   86.6567  88.0257 1.3898  21 0.309 22.018
2013WQ58   93.3384  94.5236 1.2060  24 0.407 21.686
2013WR95   85.4919  87.4740 2.0029  28 0.286 21.792
2013WT14  103.1874 105.1082 1.9416  29 0.305 21.733
2013WU27   80.4040  81.6709 1.2877  29 0.460 21.937
2013WU80   75.1525  76.6442 1.5125  26 0.351 21.378
2013WW103  67.6330  69.3085 1.6963  18 0.217 21.279
2013WW71   70.5754  72.6596 2.1050  38 0.369 21.323
2013WZ91   91.6833  93.9310 2.2685  41 0.369 21.444
2013YE104  92.3372  93.2158 0.8994  18 0.409 21.111
2013YG103 101.4097 103.5961 2.2072  34 0.315 21.439
2013YH39   70.0850  72.3327 2.2685  62 0.559 21.757
2013YL41   67.6125  69.2064 1.6147  38 0.481 21.280
2013YQ149  77.5841  80.0770 2.5137  48 0.390 21.649
2013YU24   75.5612  77.8498 2.3094  46 0.407 21.950
2013YW103  93.8493  95.3818 1.5533  35 0.461 21.197
2013YW6    87.0040  89.5991 2.6159  65 0.508 21.670
2013YZ50   86.6975  88.7613 2.0846  38 0.373 21.521
2014AD37   85.5532  89.0270 3.4946  78 0.456 21.869
2014AJ5   103.8413 105.1286 1.3081  27 0.422 21.533
